./data/3940/1.png 842,23,950,61,0
./data/3945/2.png 920,197,1158,229,1 1159,197,1192,231,0
./data/3948/2.png 483,471,882,515,0 484,347,884,389,1 485,400,882,442,1
./data/3948/0.png 1084,46,1197,84,0 1208,49,1267,84,0
./data/3953/0.png 44,232,372,268,1 44,283,372,315,1 48,356,166,385,0 246,90,336,151,0
./data/3955/0.png 1103,21,1180,56,0 1195,25,1310,54,0
./data/3956/0.png 1106,16,1168,46,0 1106,16,1168,46,0 1124,18,1149,41,3
./data/3958/3.png 553,513,812,566,0
./data/3958/0.png 1098,20,1251,60,0
./data/3966/0.png 707,479,944,533,0 931,88,1032,129,0 279,88,930,128,1
./data/3968/3.png 578,549,788,599,0
./data/3972/2.png 109,97,380,159,0
./data/3972/0.png 109,404,384,469,0
./data/3973/3.png 863,502,998,542,0 1019,502,1154,541,0
./data/3973/1.png 930,73,1098,103,0
./data/3974/0.png 53,30,94,68,4 1065,33,1162,64,0
./data/3978/0.png 212,17,733,53,1 734,14,783,55,0
./data/3979/2.png 660,272,863,337,0 900,274,1102,336,0
./data/3979/0.png 816,429,1136,476,0 504,428,796,458,1 775,428,796,459,2
./data/3980/0.png 23,58,61,103,3
./data/3983/0.png 1102,22,1180,56,0 1191,20,1310,57,0 1316,17,1354,59,3
./data/3993/0.png 132,384,267,433,0 315,385,489,434,0 901,17,1018,59,0 1028,17,1114,58,0
./data/3994/3.png 121,320,282,374,0
./data/3994/2.png 122,251,283,302,0
./data/4006/0.png 109,111,149,139,4 1063,110,1214,139,1 1216,107,1253,142,0 1225,114,1244,133,3
./data/4009/3.png 928,227,1276,264,0
./data/4010/0.png 1097,0,1246,30,0
./data/4018/2.png 886,335,1154,377,0 120,559,322,598,0
./data/4018/0.png 1243,70,1332,99,0
./data/4021/0.png 874,77,1345,121,1 886,82,919,111,3
./data/4023/3.png 131,33,158,56,0 164,31,189,58,0 194,33,219,57,0 133,180,264,212,0 131,487,160,515,0 161,494,188,513,0 194,493,223,515,0
./data/4023/1.png 132,420,265,450,0 130,257,157,283,0 163,258,191,285,0 193,260,221,285,0
./data/4023/2.png 131,152,156,178,0 164,152,186,178,0 197,153,222,177,0 131,302,224,331,0
./data/4023/0.png 1012,264,1186,297,0 913,480,1211,513,1
./data/4025/2.png 632,304,847,338,0 630,44,849,78,0 287,90,423,110,1 427,89,463,115,0
./data/4029/3.png 574,455,793,497,0 909,339,1027,366,0 130,339,222,365,0
./data/4033/1.png 245,13,453,51,0
./data/4033/0.png 254,88,446,127,0 134,217,565,255,1 135,264,566,302,1 132,309,567,349,1 134,355,566,394,1 134,467,269,496,1 280,465,420,497,1 427,466,567,495,1 405,504,567,542,1 549,468,566,493,2 401,467,417,494,2 256,468,270,494,2
./data/4035/0.png 109,487,229,542,0 238,488,404,539,0
./data/4043/0.png 203,513,448,536,1 429,511,443,536,2 460,510,706,537,1 689,512,704,532,2 850,494,1149,552,0
./data/4049/0.png 1109,4,1213,45,0 1218,3,1333,44,0
./data/4054/0.png 763,289,1124,341,0 763,360,1122,413,0 764,463,1123,515,0 1219,14,1291,44,0
./data/4056/3.png 127,314,263,363,0
./data/4057/0.png 208,43,398,79,1
./data/4063/2.png 532,409,585,431,0 591,410,630,430,0
./data/4064/2.png 156,52,398,96,0
./data/4064/0.png 1240,105,1268,138,3
./data/4067/0.png 1167,65,1329,91,0 1167,65,1329,91,0 1152,13,1174,41,3
./data/4074/0.png 564,248,674,281,0 681,248,804,281,0
./data/4077/0.png 865,474,1053,524,0 633,69,797,119,0
./data/4078/0.png 166,276,282,301,0
./data/4082/1.png 861,181,993,218,0
./data/4089/2.png 1077,432,1229,463,0 1077,432,1229,463,0 535,151,866,226,0
./data/4090/0.png 1158,34,1298,67,0
./data/4092/0.png 838,17,979,49,0
./data/4093/1.png 957,502,1268,556,0
./data/4095/0.png 158,334,346,375,0 1119,31,1279,73,0 1284,29,1325,72,0 1296,41,1313,61,2 158,334,346,375,0 1119,31,1279,73,0 1284,29,1325,72,0 1296,41,1313,61,2 341,54,357,74,0 463,54,484,71,0 591,53,612,72,0 1020,54,1043,69,0
./data/4103/3.png 197,123,242,143,0 198,168,241,187,0 522,165,568,184,0 524,228,566,247,0 525,311,567,330,0 196,295,244,315,0 197,232,243,250,0
./data/4103/1.png 643,117,727,135,0 641,267,688,284,0 641,544,687,562,0 196,387,242,408,0 201,302,242,321,0 198,156,274,172,0 198,220,241,239,0 957,443,1079,469,0
./data/4103/2.png 959,476,1078,505,0 197,176,243,193,0 197,91,243,111,0
./data/4106/0.png 888,311,1247,352,0 1216,319,1241,341,2 1084,183,1118,222,3
./data/4109/1.png 147,264,509,305,1 145,316,511,356,1 191,369,466,409,0
./data/4116/3.png 356,339,500,388,0 940,159,1084,209,0
./data/4116/1.png 986,394,1131,444,0 400,518,544,566,0
./data/4116/0.png 462,556,672,598,0 692,554,905,598,0 1222,58,1248,91,3 462,556,672,598,0 692,554,905,598,0 1222,58,1248,91,3
./data/4118/3.png 384,532,571,595,0 161,532,353,595,0
./data/4118/0.png 405,0,594,63,0
./data/4119/0.png 1235,21,1328,57,0 855,19,1154,59,1
./data/4123/3.png 71,389,224,422,0 70,104,156,134,0
./data/4123/2.png 1026,559,1237,588,0
./data/4125/2.png 700,172,868,213,0
./data/4125/0.png 127,474,288,526,0 308,474,509,528,0
./data/4126/0.png 1049,112,1196,147,1 1197,113,1238,147,0 1206,115,1228,141,3
./data/4134/0.png 232,558,552,598,0
./data/4141/2.png 936,361,1230,402,0 935,409,1230,451,0 937,454,1230,499,0 933,503,1226,550,0 936,548,1229,593,0
./data/4141/0.png 524,36,934,70,1 932,30,977,73,0 944,39,966,63,3 1157,32,1197,73,0 1199,32,1239,71,0 1078,129,1094,150,2 876,129,893,148,2 736,127,757,152,2 589,126,611,150,2 354,128,386,151,2 207,128,229,152,2
./data/4144/2.png 101,503,350,538,0
./data/4146/1.png 859,163,1180,215,0 873,87,914,130,0 925,88,962,128,0 972,88,1015,129,0 1024,89,1064,129,0
./data/4148/1.png 169,14,362,60,0
./data/4149/0.png 253,21,737,52,1 738,21,783,52,0 747,23,772,48,3
./data/4152/0.png 108,551,286,590,0
./data/4157/3.png 231,212,966,273,1 966,213,1135,274,0
./data/4158/3.png 531,28,848,86,0
./data/4158/1.png 513,492,835,549,0
./data/4159/0.png 413,40,853,79,1 816,44,842,75,3 413,40,853,79,1 816,44,842,75,3 431,203,455,225,2 236,244,260,265,2
./data/4160/0.png 317,9,641,41,1 642,9,677,41,0 647,11,668,35,3 317,9,641,41,1 642,9,677,41,0 647,11,668,35,3 1,397,49,445,0 0,445,48,496,0 0,495,49,546,0 1,544,48,597,0
./data/4161/0.png 314,401,573,446,0 314,401,573,446,0 787,385,1059,429,0 786,435,1059,485,0 1206,12,1284,44,0
./data/4163/0.png 241,8,857,43,0 858,7,896,42,0 867,14,890,39,3 126,50,320,93,0 290,62,307,82,2
./data/4164/2.png 133,62,282,95,0
./data/4164/0.png 959,328,1115,361,0 1202,337,1235,365,4 1160,336,1189,363,3 1056,287,1156,318,0
./data/4170/1.png 567,325,798,366,0
./data/4170/0.png 1155,9,1232,42,0 385,8,831,40,1
./data/4171/3.png 332,517,731,557,1 788,515,1033,558,0
./data/4171/2.png 137,372,323,414,0 136,28,273,69,0 284,28,424,68,0 434,27,573,69,0 141,91,571,126,0 138,146,572,185,0 537,152,563,176,2 534,96,559,117,2
./data/4171/0.png 1211,4,1364,45,0 39,563,240,598,0 243,563,450,599,0
./data/4174/3.png 362,6,511,35,0 525,8,659,35,0 1089,69,1223,99,0 362,6,511,35,0 525,8,659,35,0 1089,69,1223,99,0 335,444,553,475,0 566,445,684,474,0
./data/4174/1.png 358,229,512,259,0 527,231,662,260,0 1127,43,1183,68,0
./data/4174/2.png 376,111,513,139,0 526,111,643,139,0
./data/4176/3.png 514,539,668,584,0 700,537,850,586,0
./data/4190/3.png 921,462,982,482,0 922,495,1036,517,0
./data/4194/2.png 971,446,1196,500,0
./data/4198/0.png 236,371,527,416,0
./data/4199/0.png 75,181,116,216,4
./data/4201/1.png 473,204,892,249,0 472,310,893,354,0 472,360,893,404,0 475,148,893,187,1
./data/4202/0.png 112,377,565,421,0 111,428,567,475,0 111,482,567,535,0
./data/4203/2.png 575,233,791,290,0
./data/4205/3.png 798,535,1118,577,0 798,395,1118,437,1 799,477,1117,520,1
./data/4205/1.png 597,343,768,387,0
./data/4205/0.png 880,360,1202,404,0 1242,14,1349,56,0 1156,15,1234,57,0 882,264,1200,306,1
./data/4206/1.png 214,496,582,535,1 592,494,752,535,0
./data/4206/0.png 405,14,622,49,1 630,11,848,49,1 854,12,892,48,0 405,14,622,49,1 630,11,848,49,1 854,12,892,48,0 286,91,751,167,1
./data/4208/1.png 859,314,1181,363,0 876,238,913,280,0 922,239,964,279,0 971,238,1016,279,0
./data/4212/2.png 819,9,1139,39,1 1139,7,1182,37,0 1147,12,1172,32,3
./data/4212/0.png 259,487,536,532,0
./data/4218/0.png 1037,10,1202,45,1
./data/4222/2.png 974,353,1106,388,0 974,402,1107,440,0
./data/4230/1.png 858,163,1182,214,0 872,87,913,127,0 922,87,963,128,0 975,88,1014,129,0 1026,88,1065,127,0
./data/4237/0.png 927,16,1125,57,0 1146,12,1188,52,0 1203,14,1243,57,0
./data/4239/0.png 1063,108,1212,140,1 1217,111,1253,140,0 1229,114,1244,132,3 108,110,152,145,4
./data/4241/1.png 114,115,323,159,0 331,117,513,161,0 518,116,738,160,0
./data/4241/0.png 1054,63,1141,99,0 1159,62,1261,101,0
./data/4242/0.png 1189,14,1290,44,0 1314,13,1340,43,3 1189,14,1290,44,0 1314,13,1340,43,3 15,11,57,44,4
./data/4243/2.png 129,192,438,234,0 525,192,836,233,0 929,193,1237,234,0
./data/4243/0.png 1101,242,1258,281,0 739,66,792,119,0 752,78,780,108,3
./data/4255/3.png 722,140,846,172,0 186,14,326,57,0
./data/4256/1.png 92,109,186,141,0
./data/4259/0.png 782,64,1076,100,1 1041,67,1065,94,3
./data/4262/0.png 641,114,725,147,0 300,379,452,412,0 716,278,874,311,0 1028,350,1169,380,0
./data/4272/0.png 1503,315,1805,364,0 1502,367,1803,419,0
./data/4273/0.png 370,148,445,186,0 451,147,527,185,0 534,147,605,184,0 611,150,681,185,0 687,148,774,185,0 776,144,834,183,0 844,145,929,183,0 856,155,871,177,3 1085,149,1167,185,0 1172,148,1265,183,0 1013,283,1231,325,0 303,150,365,186,0 982,510,1044,541,0 1047,511,1101,540,0 1102,514,1173,540,0 1175,510,1219,540,0
./data/4277/3.png 117,370,313,406,0 116,495,264,537,0 884,496,1044,535,0
./data/4277/2.png 644,256,722,299,0 885,487,973,533,0 114,487,259,530,0
./data/4277/0.png 461,381,862,410,1 863,380,904,410,0 872,387,892,405,3 461,381,862,410,1 863,380,904,410,0 872,387,892,405,3 107,451,246,492,0
./data/4284/0.png 50,29,97,69,4 1054,32,1152,65,0
./data/4285/3.png 67,365,230,407,0
./data/4285/1.png 67,503,230,546,0
./data/4285/2.png 686,419,845,457,0
./data/4286/0.png 501,205,864,240,1 502,266,864,302,1 520,518,846,564,0
./data/4288/1.png 669,48,842,97,0
./data/4288/0.png 904,251,1019,293,0 939,453,1185,502,0 1001,33,1173,83,0 1183,103,1217,132,3 904,251,1019,293,0 939,453,1185,502,0 1001,33,1173,83,0 1183,103,1217,132,3 518,109,536,130,2 222,113,247,129,2
./data/4289/0.png 1182,10,1323,75,0
./data/4294/1.png 875,450,914,488,0 922,448,964,490,0 860,524,1179,572,0
./data/4299/3.png 586,498,777,546,0
./data/4303/2.png 1055,298,1221,328,0
./data/4304/2.png 534,490,800,545,0
./data/4306/0.png 571,492,794,550,0
./data/4308/0.png 607,70,755,102,0 1041,9,1121,35,0 997,10,1024,35,3 607,70,755,102,0 1041,9,1121,35,0 997,10,1024,35,3 18,8,111,35,0 80,11,98,29,4
./data/4310/3.png 556,396,811,446,0 156,395,412,447,0
./data/4310/1.png 956,212,1209,262,0
./data/4310/0.png 1236,152,1263,177,4 724,11,861,39,0
./data/4312/2.png 278,117,429,148,0
./data/4312/0.png 903,266,977,299,0 956,534,1109,566,0 903,266,977,299,0 956,534,1109,566,0 884,213,1106,249,1
./data/4316/1.png 876,349,1005,385,0
./data/4317/2.png 169,77,397,117,0 435,76,663,116,0 701,78,929,116,0 967,78,1195,117,0 966,136,1195,173,0 701,136,929,172,0 438,136,662,171,0 170,133,400,173,0 1048,348,1253,382,0
./data/4318/1.png 956,437,1103,466,1 1114,438,1156,469,0
./data/4318/0.png 868,283,1168,317,0 1300,120,1328,145,3 868,283,1168,317,0 1300,120,1328,145,3 18,157,53,191,4
./data/4321/3.png 1110,285,1238,316,1 1108,327,1199,361,0
./data/4323/1.png 603,250,761,287,0
./data/4323/0.png 1069,14,1088,37,3
./data/4325/3.png 1047,271,1218,321,0 1048,330,1218,378,0
./data/4326/3.png 586,420,777,465,0 887,567,1174,599,0
./data/4326/2.png 587,457,778,502,0 1,116,40,248,0
./data/4326/0.png 1126,127,1318,157,1 1287,132,1306,149,3
./data/4329/0.png 533,364,674,422,0 214,366,511,421,1
./data/4338/1.png 188,109,278,149,0 232,46,361,87,1
./data/4345/1.png 553,131,811,181,0
./data/4345/0.png 915,58,1087,103,0 1096,56,1275,106,0
./data/4346/0.png 1062,47,1157,82,0 1020,45,1060,84,0 1029,54,1051,77,3 202,38,384,89,0
./data/4354/1.png 66,2,359,79,0
./data/4354/0.png 1275,21,1411,65,0
./data/4356/3.png 880,387,1090,453,0
./data/4356/1.png 897,446,1109,503,0
./data/4356/2.png 137,451,348,511,0
./data/4357/3.png 570,34,795,69,0 603,430,762,462,0
./data/4357/2.png 231,239,348,272,0
./data/4357/0.png 204,316,379,389,0
./data/4366/1.png 581,539,781,588,0
./data/4366/2.png 518,385,845,437,0 698,526,908,572,1 904,527,956,573,0
./data/4366/0.png 1161,19,1325,71,0
./data/4371/0.png 1149,88,1321,124,1 1290,93,1320,123,3
./data/4374/0.png 137,83,509,124,1 466,89,497,116,3
./data/4375/0.png 450,334,517,364,0
./data/4377/1.png 721,546,841,578,0
./data/4378/0.png 55,60,90,90,3
./data/4379/3.png 878,19,1323,63,0
./data/4379/0.png 1502,29,1661,66,0
./data/4382/0.png 901,443,1147,488,0 404,441,652,488,0 586,577,676,599,0 715,345,849,390,1 861,349,994,390,1 1018,346,1113,391,1 209,347,424,390,1 435,346,652,389,1 901,443,1147,488,0 404,441,652,488,0 586,577,676,599,0 715,345,849,390,1 861,349,994,390,1 1018,346,1113,391,1 209,347,424,390,1 435,346,652,389,1 1048,72,1215,102,0 1189,77,1205,95,3
./data/4393/1.png 76,91,345,143,0
./data/4401/0.png 948,62,1182,84,1
./data/4402/0.png 283,33,1082,69,1 1054,39,1073,63,3
