E:\Mulong\Datasets\fake_shapes 500,471,487599,0 771,289,474790,0 242,501,534599,0 
E:\Mulong\Datasets\fake_shapes 538,105,227753,0 69,426,526163,0 738,410,472759,0 283,552,598701,0 726,312,329797,0 
E:\Mulong\Datasets\fake_shapes 190,203,248454,0 142,397,475272,0 399,72,146682,0 386,402,552425,0 461,298,592687,0 711,559,576785,0 
E:\Mulong\Datasets\fake_shapes 625,559,581756,0 412,402,507785,0 230,289,365790,0 100,182,563137,0 386,95,267468,0 661,58,275714,0 
E:\Mulong\Datasets\fake_shapes 300,435,495351,0 297,117,389630,0 683,543,567705,0 94,80,571132,0 566,452,517655,0 274,535,560417,0 
E:\Mulong\Datasets\fake_shapes 393,273,397718,0 410,443,579603,0 187,138,455360,0 443,237,254537,0 776,459,573791,0 
E:\Mulong\Datasets\fake_shapes 436,496,515646,0 373,49,307496,0 743,376,406771,0 61,356,511140,0 
E:\Mulong\Datasets\fake_shapes 767,264,468788,0 483,349,428572,0 620,277,588725,0 290,209,254438,0 180,288,416252,0 
E:\Mulong\Datasets\fake_shapes 599,273,413713,0 451,431,515702,0 728,427,579744,0 
E:\Mulong\Datasets\fake_shapes 146,560,588536,0 414,176,522753,0 192,316,435245,0 778,480,564793,0 120,218,280339,0 
E:\Mulong\Datasets\fake_shapes 476,102,300541,0 168,402,598598,0 
E:\Mulong\Datasets\fake_shapes 235,45,586401,0 758,225,353778,0 665,446,499699,0 
E:\Mulong\Datasets\fake_shapes 227,157,186790,0 695,515,540780,0 
E:\Mulong\Datasets\fake_shapes 656,540,564767,0 572,411,561612,0 624,356,505780,0 197,117,399531,0 115,148,345176,0 318,479,498510,0 
E:\Mulong\Datasets\fake_shapes 123,101,447725,0 425,578,593686,0 439,522,559614,0 764,81,566794,0 731,471,521754,0 
E:\Mulong\Datasets\fake_shapes 471,518,557652,0 743,464,509760,0 425,213,499710,0 689,569,589725,0 69,348,461172,0 
E:\Mulong\Datasets\fake_shapes 153,322,363214,0 141,92,187475,0 501,238,553654,0 70,514,538257,0 339,210,457401,0 765,228,561791,0 
E:\Mulong\Datasets\fake_shapes 85,422,452785,0 592,261,372622,0 450,489,515475,0 523,158,311566,0 730,246,366757,0 456,21,407485,0 
E:\Mulong\Datasets\fake_shapes 468,159,543582,0 70,365,487248,0 42,88,207320,0 762,126,460783,0 
E:\Mulong\Datasets\fake_shapes 541,485,515698,0 209,234,495526,0 
E:\Mulong\Datasets\fake_shapes 483,504,543502,0 606,436,514663,0 704,447,564747,0 653,318,354799,0 83,43,162396,0 759,450,551785,0 
E:\Mulong\Datasets\fake_shapes 611,520,597798,0 248,83,102625,0 
E:\Mulong\Datasets\fake_shapes 32,167,325403,0 445,537,556663,0 66,406,426123,0 
E:\Mulong\Datasets\fake_shapes 92,572,595576,0 128,46,172206,0 157,232,265235,0 467,252,367650,0 
E:\Mulong\Datasets\fake_shapes 384,30,144665,0 254,188,534489,0 663,323,370752,0 568,542,582713,0 
E:\Mulong\Datasets\fake_shapes 104,527,570202,0 767,579,600793,0 
E:\Mulong\Datasets\fake_shapes 29,424,584358,0 623,246,265649,0 537,413,580699,0 
E:\Mulong\Datasets\fake_shapes 734,124,566782,0 88,257,485272,0 596,264,596654,0 550,181,338571,0 291,450,565580,0 65,20,37579,0 
E:\Mulong\Datasets\fake_shapes 680,535,553718,0 82,301,599140,0 
E:\Mulong\Datasets\fake_shapes 526,146,223713,0 710,297,407725,0 431,136,212462,0 
E:\Mulong\Datasets\fake_shapes 121,560,577256,0 642,548,571671,0 
E:\Mulong\Datasets\fake_shapes 667,200,492727,0 123,196,452220,0 763,324,557800,0 356,25,494601,0 361,565,584546,0 689,128,145721,0 
E:\Mulong\Datasets\fake_shapes 498,334,488644,0 206,274,307466,0 244,498,524559,0 27,398,430452,0 105,492,543159,0 
E:\Mulong\Datasets\fake_shapes 398,136,223589,0 761,88,145791,0 72,352,440402,0 563,512,534676,0 
E:\Mulong\Datasets\fake_shapes 733,146,528786,0 345,557,593533,0 330,297,358679,0 306,53,275664,0 194,481,515641,0 690,127,309715,0 
E:\Mulong\Datasets\fake_shapes 356,546,562517,0 735,358,462774,0 522,123,286605,0 243,444,474640,0 718,569,587790,0 
E:\Mulong\Datasets\fake_shapes 766,200,520795,0 434,286,495507,0 
E:\Mulong\Datasets\fake_shapes 91,321,418601,0 776,177,291796,0 691,153,468760,0 369,555,583501,0 
E:\Mulong\Datasets\fake_shapes 551,523,542627,0 307,91,233676,0 757,307,446784,0 422,463,536527,0 746,469,538798,0 
E:\Mulong\Datasets\fake_shapes 586,359,443643,0 334,46,271580,0 739,179,466785,0 42,353,386294,0 507,555,600729,0 28,121,281116,0 
