[[ 2197     0     0     1    27   167     0     0     0     0     0     0      0     0   701]
 [    1   448     0     0     5    43     0     0     0     0     0     0      0     0     5]
 [    0     0     0     0     0     0     0     0     0     0     0     0      0     0     3]
 [   10     0     0   390     6    43     0     0     0     0     0     0      0     0   424]
 [   24     1     0     0  4869   367     0     0     0     0     0     0      0     0    94]
 [   22     7     0     3   252 10938     0     0     0     0     0     1      0     0   608]
 [    3     0     0     0     3    18    17     0     0     0     0     0      0     0    11]
 [    3     0     0     0     5    52     0    37     0     0     0     0      0     0    12]
 [    0     0     0     0     2    11     0     0     0     0     0     0      0     0    12]
 [    0     0     0     0     2    15     0     0     0    70     0     1      0     0     9]
 [    2     0     0     0     0     2     0     0     0     0     0     0      0     0     9]
 [    2     0     0     0     0    13     0     0     0     0     0   196      0     0     8]
 [    7     0     0     0    11    25     0     0     0     0     0     4     85     0    21]
 [    2     0     0     0     1    23     0     0     0     0     0     0      0     0    12]
 [   75    15     0    10    66   506     0     0     0     0     0     2      0     0 21380]]