D:\datasets\dataset_webpage\data\img_segment\img\0\segment\0.png 547,49,819,183,1
D:\datasets\dataset_webpage\data\img_segment\img\1\segment\0.png 31,218,51,238,1 31,246,51,266,1 31,274,51,294,1 31,302,51,322,1 31,330,51,350,1 31,358,51,378,1 31,386,51,406,1 31,414,51,434,1 288,535,484,599,1 494,535,690,599,1 700,535,896,599,1 906,535,1102,599,1 1112,535,1308,599,1 1318,535,1514,599,1 1524,535,1720,599,1 1730,535,1926,599,1 1936,535,2132,599,1 2142,535,2338,599,1 2348,535,2544,599,1 2554,535,2750,599,1 2760,535,2956,599,1 2966,535,3162,599,1 3172,535,3368,599,1
D:\datasets\dataset_webpage\data\img_segment\img\1\segment\1.png 288,0,484,46,1 494,0,690,46,1 700,0,896,46,1 906,0,1102,46,1 1112,0,1308,46,1 1318,0,1514,46,1 1524,0,1720,46,1 1730,0,1926,46,1 1936,0,2132,46,1 2142,0,2338,46,1 2348,0,2544,46,1 2554,0,2750,46,1 2760,0,2956,46,1 2966,0,3162,46,1 3172,0,3368,46,1 288,162,308,182,1 288,192,484,302,1 288,335,308,355,1 288,365,484,475,1 494,365,690,475,1 700,365,896,475,1 906,365,1102,475,1 1112,365,1308,475,1 1318,365,1514,475,1 1524,365,1720,475,1 1730,365,1926,475,1 288,573,308,593,1
D:\datasets\dataset_webpage\data\img_segment\img\1\segment\3.png 288,106,308,126,1 288,136,484,246,1 494,136,690,246,1 700,136,896,246,1 906,136,1102,246,1 1112,136,1308,246,1 1318,136,1514,246,1 1524,136,1720,246,1 1730,136,1926,246,1 1936,136,2132,246,1 2142,136,2338,246,1 288,344,308,364,1 288,374,484,484,1 494,374,690,484,1 700,374,896,484,1 906,374,1102,484,1 1112,374,1308,484,1 1318,374,1514,484,1 1524,374,1720,484,1 1730,374,1926,484,1 1936,374,2132,484,1
D:\datasets\dataset_webpage\data\img_segment\img\1\segment\2.png 288,3,484,113,1 494,3,690,113,1 700,3,896,113,1 906,3,1102,113,1 1112,3,1308,113,1 1318,3,1514,113,1 1524,3,1720,113,1 288,211,308,231,1 288,241,484,351,1 494,241,690,351,1 700,241,896,351,1 906,241,1102,351,1 1112,241,1308,351,1 1318,241,1514,351,1 1524,241,1720,351,1 1730,241,1926,351,1 1936,241,2132,351,1 2142,241,2338,351,1 2348,241,2544,351,1 2554,241,2750,351,1 288,449,308,469,1 288,479,484,589,1 494,479,690,589,1 700,479,896,589,1 906,479,1102,589,1 1112,479,1308,589,1 1318,479,1514,589,1 1524,479,1720,589,1 1730,479,1926,589,1 1936,479,2132,589,1 2142,479,2338,589,1 2348,479,2544,589,1 2554,479,2750,589,1
D:\datasets\dataset_webpage\data\img_segment\img\11\segment\11.png 109,0,291,91,1 307,0,489,91,1 549,0,731,91,1 747,0,929,91,1 109,457,291,548,1 307,457,489,548,1 549,457,731,548,1 747,457,929,548,1 973,0,1273,156,1 988,219,1258,354,1
D:\datasets\dataset_webpage\data\img_segment\img\11\segment\6.png 93,0,248,100,1 258,0,413,100,1 93,366,413,579,1 988,359,1118,445,1 1128,359,1258,445,1 988,482,1118,568,1 1128,482,1258,568,1
D:\datasets\dataset_webpage\data\img_segment\img\11\segment\5.png 93,0,413,44,1 93,88,248,191,1 258,88,413,191,1 93,338,413,551,1 93,596,248,599,1 258,596,413,599,1
D:\datasets\dataset_webpage\data\img_segment\img\11\segment\9.png 109,156,291,247,1 307,156,489,247,1 549,156,731,247,1 747,156,929,247,1 178,569,448,599,1 448,569,718,599,1 718,569,988,599,1 988,569,1258,599,1 1258,569,1528,599,1 1528,569,1798,599,1 1798,569,2068,599,1
D:\datasets\dataset_webpage\data\img_segment\img\11\segment\8.png 93,0,248,36,1 258,0,413,36,1 109,299,291,390,1 307,299,489,390,1 549,299,731,390,1 747,299,929,390,1
D:\datasets\dataset_webpage\data\img_segment\img\11\segment\7.png 93,24,248,127,1 258,24,413,127,1 990,42,1024,76,1 1130,42,1164,76,1 990,91,1024,125,1 1130,91,1164,125,1 93,274,413,487,1 93,532,248,599,1 258,532,413,599,1
D:\datasets\dataset_webpage\data\img_segment\img\11\segment\0.png 93,215,1123,315,1 93,335,412,548,1 413,335,732,548,1 733,335,1052,548,1 93,558,248,599,1 258,558,413,599,1 998,427,1088,487,1 998,556,1088,599,1
D:\datasets\dataset_webpage\data\img_segment\img\11\segment\12.png 93,258,943,358,1 109,444,291,535,1 307,444,489,535,1 549,444,731,535,1 747,444,929,535,1 973,69,1273,319,1 973,595,1273,599,1
D:\datasets\dataset_webpage\data\img_segment\img\11\segment\3.png 93,0,413,108,1 93,152,248,255,1 258,152,413,255,1 93,402,413,599,1 988,406,1018,436,1 1218,406,1248,436,1 988,472,1018,502,1 1218,472,1248,502,1 988,538,1018,568,1 1218,538,1248,568,1
D:\datasets\dataset_webpage\data\img_segment\img\11\segment\14.png 93,92,1273,192,1 179,262,209,294,1 324,262,352,294,1 469,262,503,294,1 614,262,640,294,1 759,262,789,294,1 904,262,934,294,1 1049,262,1095,294,1 114,366,134,386,1
D:\datasets\dataset_webpage\data\img_segment\img\11\segment\10.png 109,13,291,104,1 307,13,489,104,1 549,13,731,104,1 747,13,929,104,1 178,0,448,105,1 448,0,718,105,1 718,0,988,105,1 988,0,1258,105,1 1258,0,1528,105,1 1528,0,1798,105,1 1798,0,2068,105,1 988,119,1078,179,1 988,194,1078,254,1 988,269,1078,329,1 988,344,1078,404,1 988,419,1078,479,1 973,505,1273,599,1
D:\datasets\dataset_webpage\data\img_segment\img\11\segment\4.png 93,0,413,16,1 93,60,248,163,1 258,60,413,163,1 988,4,1018,34,1 1218,4,1248,34,1 988,70,1018,100,1 1218,70,1248,100,1 988,136,1018,166,1 1218,136,1248,166,1 93,430,413,599,1 1002,448,1222,568,1
D:\datasets\dataset_webpage\data\img_segment\img\11\segment\1.png 93,0,248,62,1 258,0,413,62,1 93,128,248,231,1 258,128,413,231,1 93,336,413,496,1 998,0,1088,17,1 998,13,1088,73,1 998,70,1088,130,1 998,127,1088,187,1 998,184,1088,244,1 973,197,1273,447,1 988,509,1078,569,1
D:\datasets\dataset_webpage\data\img_segment\img\11\segment\13.png 109,301,291,392,1 307,301,489,392,1 549,301,731,392,1 747,301,929,392,1 973,0,1273,246,1
D:\datasets\dataset_webpage\data\img_segment\img\11\segment\2.png 93,10,248,113,1 258,10,413,113,1 93,300,668,400,1 698,300,1273,400,1 93,494,413,599,1 718,492,848,578,1 858,492,988,578,1 988,492,1118,578,1 1128,492,1258,578,1 1258,492,1388,578,1 1398,492,1528,578,1 1528,492,1658,578,1 1668,492,1798,578,1
D:\datasets\dataset_webpage\data\img_segment\img\13\segment\0.png 68,1,176,24,1
D:\datasets\dataset_webpage\data\img_segment\img\13\segment\5.png 839,0,1127,4,1
D:\datasets\dataset_webpage\data\img_segment\img\13\segment\3.png 203,0,683,194,1
D:\datasets\dataset_webpage\data\img_segment\img\13\segment\6.png 372,2,541,52,1 597,2,771,52,1 827,2,994,52,1 68,186,176,215,1
D:\datasets\dataset_webpage\data\img_segment\img\13\segment\4.png 839,52,1127,599,1
D:\datasets\dataset_webpage\data\img_segment\img\13\segment\1.png 163,73,931,518,1 738,273,1115,599,1
D:\datasets\dataset_webpage\data\img_segment\img\13\segment\2.png 738,0,1115,260,1 203,515,683,599,1
D:\datasets\dataset_webpage\data\img_segment\img\14\segment\0.png 422,129,662,556,1 422,129,662,556,1 422,208,662,599,1 422,208,662,599,1 422,208,662,599,1
D:\datasets\dataset_webpage\data\img_segment\img\14\segment\1.png 422,0,662,36,1 422,0,662,36,1 422,0,662,36,1 746,152,882,192,1 890,152,1024,192,1
D:\datasets\dataset_webpage\data\img_segment\img\15\segment\11.png 183,0,423,164,1 194,238,259,303,1 444,239,549,309,1 824,239,929,309,1
D:\datasets\dataset_webpage\data\img_segment\img\15\segment\6.png 33,25,213,112,1 213,25,393,112,1 393,25,573,112,1 573,25,753,112,1 753,25,933,112,1 933,25,1113,112,1 1113,25,1293,112,1 1293,25,1473,112,1 183,151,423,351,1 444,49,549,119,1 824,49,929,119,1 194,537,412,599,1 444,594,549,599,1 824,594,929,599,1
D:\datasets\dataset_webpage\data\img_segment\img\15\segment\5.png 183,0,1183,18,1 192,88,410,248,1 444,112,549,182,1 444,468,549,538,1 824,112,929,182,1 824,468,929,538,1
D:\datasets\dataset_webpage\data\img_segment\img\15\segment\9.png 183,26,423,226,1 194,417,414,577,1 444,444,549,514,1 824,444,929,514,1
D:\datasets\dataset_webpage\data\img_segment\img\15\segment\8.png 194,0,412,25,1 444,132,549,202,1 824,132,929,202,1 33,500,213,587,1 213,500,393,587,1 393,500,573,587,1 573,500,753,587,1 753,500,933,587,1 933,500,1113,587,1 1113,500,1293,587,1 1293,500,1473,587,1 444,524,549,594,1 824,524,929,594,1
D:\datasets\dataset_webpage\data\img_segment\img\15\segment\7.png 194,0,412,99,1 183,121,423,321,1 444,0,549,65,1 824,0,929,65,1 194,384,412,599,1
D:\datasets\dataset_webpage\data\img_segment\img\15\segment\0.png 232,370,302,387,1 1,387,301,599,1 301,387,601,599,1 805,72,837,104,1 183,251,1183,341,1 669,403,789,435,1 444,463,549,533,1 570,463,675,533,1 696,463,801,533,1
D:\datasets\dataset_webpage\data\img_segment\img\15\segment\12.png 184,4,510,167,1 522,4,627,82,1 522,89,627,167,1 745,4,850,82,1 745,89,850,167,1 968,4,1073,82,1 968,89,1073,167,1 1195,4,1521,167,1 1533,4,1638,82,1 1533,89,1638,167,1 1756,4,1861,82,1 1756,89,1861,167,1 1979,4,2084,82,1 1979,89,2084,167,1 2206,4,2532,167,1 2544,4,2649,82,1 2544,89,2649,167,1 2767,4,2872,82,1 2767,89,2872,167,1 2990,4,3095,82,1 2990,89,3095,167,1 3217,4,3543,167,1 3555,4,3660,82,1 3555,89,3660,167,1 3778,4,3883,82,1 3778,89,3883,167,1 4001,4,4106,82,1 4001,89,4106,167,1 4228,4,4554,167,1 4566,4,4671,82,1 4566,89,4671,167,1 4789,4,4894,82,1 4789,89,4894,167,1 5012,4,5117,82,1 5012,89,5117,167,1 183,266,509,449,1 520,266,846,449,1 857,266,1183,449,1 1194,266,1520,449,1 1531,266,1857,449,1 1868,266,2194,449,1 2205,266,2531,449,1 2542,266,2868,449,1 2879,266,3205,449,1 3216,266,3542,449,1 3553,266,3879,449,1 3890,266,4216,449,1
D:\datasets\dataset_webpage\data\img_segment\img\15\segment\3.png 194,7,412,168,1 444,64,549,134,1 824,64,927,132,1 184,474,382,599,1 384,474,582,599,1 584,474,782,599,1 784,474,982,599,1 984,474,1182,599,1 1184,474,1382,599,1 1384,474,1582,599,1 1584,474,1782,599,1 1784,474,1982,599,1 1984,474,2182,599,1 2184,474,2382,599,1 2384,474,2582,599,1 2584,474,2782,599,1 2784,474,2982,599,1 2984,474,3182,599,1 3184,474,3382,599,1 3384,474,3582,599,1 3584,474,3782,599,1 3784,474,3982,599,1 3984,474,4182,599,1
D:\datasets\dataset_webpage\data\img_segment\img\15\segment\10.png 184,209,382,341,1 384,209,582,341,1 584,209,782,341,1 784,209,982,341,1 984,209,1182,341,1 183,413,423,599,1 444,470,549,540,1 824,470,929,540,1
D:\datasets\dataset_webpage\data\img_segment\img\15\segment\4.png 184,0,382,7,1 384,0,582,7,1 584,0,782,7,1 784,0,982,7,1 984,0,1182,7,1 1184,0,1382,7,1 1384,0,1582,7,1 1584,0,1782,7,1 1784,0,1982,7,1 1984,0,2182,7,1 2184,0,2382,7,1 2384,0,2582,7,1 2584,0,2782,7,1 2784,0,2982,7,1 2984,0,3182,7,1 3184,0,3382,7,1 3384,0,3582,7,1 3584,0,3782,7,1 3784,0,3982,7,1 3984,0,4182,7,1 184,75,382,207,1 384,75,582,207,1 584,75,782,207,1 785,75,981,207,1 1044,75,1122,207,1 1184,75,1382,207,1 1384,75,1582,207,1 1634,75,1733,207,1 1784,75,1982,207,1 1984,75,2182,207,1 2184,75,2382,207,1 2384,75,2582,207,1 2584,75,2782,207,1 2785,75,2981,207,1 3044,75,3122,207,1 33,130,213,217,1 213,130,393,217,1 393,130,573,217,1 573,130,753,217,1 753,130,933,217,1 933,130,1113,217,1 1113,130,1293,217,1 1293,130,1473,217,1 444,151,549,221,1 824,151,929,221,1 183,527,1183,599,1
D:\datasets\dataset_webpage\data\img_segment\img\15\segment\1.png 1,0,301,168,1 301,0,601,168,1 114,179,184,326,1 230,289,346,369,1 677,264,775,398,1 788,365,818,395,1 1148,289,1264,369,1 443,134,548,224,1 443,239,548,329,1
D:\datasets\dataset_webpage\data\img_segment\img\15\segment\13.png 183,37,1183,127,1 183,37,201,55,1 183,226,293,276,1 294,226,403,276,1 404,226,513,276,1 514,226,623,276,1 624,226,729,276,1 730,226,853,276,1 854,226,965,276,1 966,226,1073,276,1 1074,226,1181,276,1
D:\datasets\dataset_webpage\data\img_segment\img\15\segment\2.png 192,160,297,230,1 183,340,423,540,1 444,180,549,250,1 824,180,929,250,1 824,287,929,357,1
D:\datasets\dataset_webpage\data\img_segment\img\16\segment\0.png 98,66,758,366,1 758,66,1418,412,1 1418,66,2078,412,1 2078,66,2738,412,1 2738,66,3398,412,1 3398,66,4058,366,1 98,358,256,516,1 269,456,289,476,1 98,481,256,599,1 269,567,289,587,1
D:\datasets\dataset_webpage\data\img_segment\img\16\segment\5.png 298,14,418,84,1 298,104,418,174,1
D:\datasets\dataset_webpage\data\img_segment\img\16\segment\3.png 98,0,256,75,1 269,14,289,34,1
D:\datasets\dataset_webpage\data\img_segment\img\16\segment\6.png 118,13,132,27,1 218,13,232,27,1 318,13,332,27,1 118,51,132,65,1 218,51,232,65,1 118,146,132,160,1 218,146,232,160,1 318,146,332,160,1 118,184,132,198,1 218,184,232,198,1 318,184,332,198,1 118,222,132,236,1 218,222,232,236,1 318,222,332,236,1 118,260,132,274,1 218,260,232,274,1 318,260,332,274,1 118,298,132,312,1 218,298,232,312,1 318,298,332,312,1 118,336,132,350,1 118,431,132,445,1 218,431,232,445,1 318,431,332,445,1 118,469,132,483,1 218,469,232,483,1 318,469,332,483,1 118,507,132,521,1 218,507,232,521,1 318,507,332,521,1 118,545,132,559,1 218,545,232,559,1 318,545,332,559,1 118,583,132,597,1 218,583,232,597,1 318,583,332,597,1
D:\datasets\dataset_webpage\data\img_segment\img\16\segment\4.png 298,344,418,414,1 298,434,418,504,1 298,524,418,594,1
D:\datasets\dataset_webpage\data\img_segment\img\16\segment\1.png 98,0,256,40,1 98,38,256,196,1 265,38,423,196,1 432,38,590,196,1 599,38,757,196,1 98,178,118,198,1 98,191,256,349,1 269,277,289,297,1 98,348,256,506,1 265,348,423,506,1 432,376,590,478,1 599,348,757,506,1 98,488,118,508,1
D:\datasets\dataset_webpage\data\img_segment\img\16\segment\2.png 98,24,256,182,1 269,110,289,130,1 98,147,256,305,1 269,245,289,265,1 98,270,256,428,1 269,356,289,376,1 98,393,256,551,1 269,489,289,509,1 98,516,256,599,1
D:\datasets\dataset_webpage\data\img_segment\img\16\segment\7.png 118,21,132,35,1 218,21,232,35,1 318,21,332,35,1 118,59,132,73,1 218,59,232,73,1 118,154,132,168,1 218,154,232,168,1 471,263,548,340,1
D:\datasets\dataset_webpage\data\img_segment\img\17\segment\0.png 590,206,632,221,1 288,261,878,599,1 288,261,878,599,1 288,261,878,599,1 288,261,878,599,1 288,261,878,599,1 288,261,878,599,1 288,261,878,599,1 288,261,878,599,1 888,261,1078,411,1 888,421,1078,571,1 888,581,1078,599,1 1154,256,1209,311,1 88,261,878,599,1
D:\datasets\dataset_webpage\data\img_segment\img\17\segment\1.png 288,0,878,132,1 288,0,878,132,1 288,0,878,132,1 288,0,878,132,1 288,0,878,132,1 288,0,878,132,1 288,0,878,132,1 288,0,878,132,1 888,0,1078,132,1 88,0,878,132,1 308,201,448,341,1 508,201,648,341,1 708,201,848,341,1 908,201,1048,341,1 4308,201,4448,341,1 4508,201,4648,341,1 4708,201,4848,341,1 4908,201,5048,341,1 933,197,1063,327,1 1113,197,1243,327,1 1145,314,1211,344,1 1293,197,1423,327,1 1473,197,1603,327,1 1505,314,1571,344,1
D:\datasets\dataset_webpage\data\img_segment\img\18\segment\0.png 0,0,1366,43,1 305,90,440,134,1 13,238,1353,599,1 671,526,687,542,1 13,238,1353,599,1 13,238,1353,599,1 13,238,1353,599,1 1353,238,2693,599,1 1353,238,2693,599,1 2693,238,4033,599,1 2693,238,4033,599,1 2693,238,4033,599,1 2693,238,4033,599,1 2693,238,4033,599,1
D:\datasets\dataset_webpage\data\img_segment\img\18\segment\5.png 587,129,607,149,1
D:\datasets\dataset_webpage\data\img_segment\img\18\segment\3.png 94,0,154,31,1 397,0,457,31,1 879,0,969,44,1 1183,0,1273,44,1 64,513,362,599,1 377,513,675,599,1 690,513,988,599,1 1003,513,1301,599,1
D:\datasets\dataset_webpage\data\img_segment\img\18\segment\4.png 64,0,362,84,1 377,0,675,84,1 690,0,988,84,1 1003,0,1301,84,1 1033,428,1153,548,1 1183,428,1303,548,1
D:\datasets\dataset_webpage\data\img_segment\img\18\segment\1.png 13,0,1353,30,1 13,0,1353,30,1 13,0,1353,30,1 13,0,1353,30,1 1353,0,2693,30,1 1353,0,2693,30,1 2693,0,4033,31,1 2693,0,4033,30,1 2693,0,4033,30,1 2693,0,4033,30,1 2693,0,4033,30,1 64,210,354,372,1 367,210,657,372,1 670,210,960,372,1 1019,225,1043,249,1 1128,225,1152,249,1 1237,225,1261,249,1 1019,329,1043,353,1 1128,329,1152,353,1 1237,329,1261,353,1 88,509,188,599,1 513,509,613,599,1 938,509,1038,599,1
D:\datasets\dataset_webpage\data\img_segment\img\18\segment\2.png 88,0,188,10,1 513,0,613,10,1 938,0,1038,10,1 94,147,154,207,1 397,147,457,207,1 94,288,154,348,1 397,288,457,348,1 94,429,154,489,1 397,429,457,489,1 94,570,154,599,1 397,570,457,599,1 88,107,769,388,1 696,107,1377,388,1 1304,107,1985,388,1 1912,107,2593,388,1 879,412,969,502,1 1183,412,1273,502,1 879,553,969,599,1 1183,553,1273,599,1
D:\datasets\dataset_webpage\data\img_segment\img\19\segment\0.png 88,30,278,57,1 88,88,1278,599,1
D:\datasets\dataset_webpage\data\img_segment\img\19\segment\1.png 88,0,1278,89,1
D:\datasets\dataset_webpage\data\img_segment\img\20\segment\0.png 240,120,260,140,1 268,143,284,159,1 240,367,260,387,1 268,390,284,406,1 343,444,727,599,1
D:\datasets\dataset_webpage\data\img_segment\img\20\segment\1.png 343,0,727,357,1 240,411,260,431,1 875,279,907,311,1
D:\datasets\dataset_webpage\data\img_segment\img\21\segment\4.png 779,119,5685,599,1
D:\datasets\dataset_webpage\data\img_segment\img\21\segment\5.png 779,0,5685,360,1
D:\datasets\dataset_webpage\data\img_segment\img\21\segment\3.png 119,0,419,538,1 683,0,983,538,1
D:\datasets\dataset_webpage\data\img_segment\img\21\segment\2.png 119,297,419,599,1 683,297,983,599,1
D:\datasets\dataset_webpage\data\img_segment\img\23\segment\1.png 683,316,1161,599,1
D:\datasets\dataset_webpage\data\img_segment\img\23\segment\2.png 683,0,1161,56,1
D:\datasets\dataset_webpage\data\img_segment\img\24\segment\0.png 1068,15,1088,33,1 1148,15,1169,32,1 201,50,961,140,1 201,154,709,493,1 711,154,961,256,1 711,258,961,360,1 225,414,249,438,1 225,536,249,560,1 975,154,1275,354,1 1243,162,1267,176,1 991,424,1055,472,1 991,488,1055,536,1 991,552,1055,599,1
D:\datasets\dataset_webpage\data\img_segment\img\24\segment\3.png 225,39,249,63,1 913,105,937,119,1 225,275,249,299,1 225,397,249,421,1 225,519,249,543,1 991,167,1083,291,1
D:\datasets\dataset_webpage\data\img_segment\img\24\segment\4.png 225,41,249,65,1 225,163,249,187,1 225,285,249,309,1 913,351,937,365,1 225,521,249,545,1 1011,17,1109,115,1 1141,17,1239,115,1
D:\datasets\dataset_webpage\data\img_segment\img\24\segment\1.png 913,2,937,16,1 225,148,249,172,1 225,270,249,294,1 225,392,249,416,1 225,514,249,538,1 991,0,1055,1,1 991,16,1055,64,1 991,80,1055,128,1 991,144,1055,192,1 991,208,1055,256,1 991,272,1055,320,1 991,336,1055,384,1 991,400,1055,448,1 991,464,1055,512,1 991,528,1055,576,1 991,592,1055,599,1
D:\datasets\dataset_webpage\data\img_segment\img\24\segment\2.png 225,151,249,175,1 225,273,249,297,1 225,395,249,419,1 225,517,249,541,1 991,0,1055,41,1 991,56,1055,104,1 991,120,1055,168,1 991,184,1055,232,1 1104,397,1146,432,1
D:\datasets\dataset_webpage\data\img_segment\img\26\segment\0.png 698,223,713,238,1
D:\datasets\dataset_webpage\data\img_segment\img\27\segment\0.png 149,63,244,95,1 77,404,158,484,1 158,404,239,484,1 239,404,320,484,1 320,404,401,484,1 385,169,497,232,1 386,514,476,574,1
D:\datasets\dataset_webpage\data\img_segment\img\27\segment\1.png 1023,16,1073,66,1 1177,16,1227,66,1
D:\datasets\dataset_webpage\data\img_segment\img\28\segment\0.png 20,80,219,176,1
D:\datasets\dataset_webpage\data\img_segment\img\29\segment\0.png 316,28,1050,87,1 472,322,488,334,1 457,341,473,353,1 473,341,503,353,1 470,360,500,372,1 461,379,477,391,1 461,398,477,410,1 459,417,489,429,1 463,436,479,448,1 479,436,509,448,1 442,455,458,467,1 312,474,322,494,1 568,312,688,387,1 1001,300,1048,316,1 737,331,753,347,1 724,383,749,399,1
D:\datasets\dataset_webpage\data\img_segment\img\3\segment\0.png 548,102,818,231,1
D:\datasets\dataset_webpage\data\img_segment\img\30\segment\0.png 46,32,196,72,1 28,273,286,418,1 291,273,549,418,1 555,273,813,418,1 28,514,286,599,1 291,514,549,599,1 555,514,813,599,1
D:\datasets\dataset_webpage\data\img_segment\img\30\segment\5.png 28,7,286,152,1 291,7,549,152,1 555,7,813,152,1 819,7,1077,152,1 1082,7,1340,152,1 928,294,938,312,1
D:\datasets\dataset_webpage\data\img_segment\img\30\segment\3.png 28,0,286,69,1 291,0,549,69,1 555,0,813,69,1 819,0,1077,69,1 1082,0,1340,69,1 28,245,286,390,1 291,245,549,390,1 555,245,813,390,1 819,245,1077,390,1 1082,245,1340,390,1 28,484,286,599,1 291,484,549,599,1 555,484,813,599,1 819,484,1077,599,1 1082,484,1340,599,1
D:\datasets\dataset_webpage\data\img_segment\img\30\segment\4.png 28,0,286,30,1 291,0,549,30,1 555,0,813,30,1 819,0,1077,30,1 1082,0,1340,30,1 28,125,286,270,1 291,125,549,270,1 555,125,813,270,1 819,125,1077,270,1 1082,125,1340,270,1 28,366,286,511,1 291,366,549,511,1 555,366,813,511,1 819,366,1077,511,1 1082,366,1340,511,1
D:\datasets\dataset_webpage\data\img_segment\img\30\segment\1.png 28,0,286,60,1 291,0,549,60,1 555,0,813,60,1 28,153,286,298,1 291,153,549,298,1 555,153,813,298,1 819,153,1077,298,1 1082,153,1340,298,1 28,477,286,599,1 291,477,549,599,1 555,477,813,599,1 819,477,1077,599,1 1082,477,1340,599,1
D:\datasets\dataset_webpage\data\img_segment\img\30\segment\2.png 28,0,286,23,1 291,0,549,23,1 555,0,813,23,1 819,0,1077,23,1 1082,0,1340,23,1 28,201,286,346,1 291,201,549,346,1 555,201,813,346,1 819,201,1077,346,1 1082,201,1340,346,1 28,523,286,599,1 291,523,549,599,1 555,523,813,599,1 819,523,1077,599,1 1082,523,1340,599,1
D:\datasets\dataset_webpage\data\img_segment\img\31\segment\0.png 79,14,187,37,1 68,284,1297,599,1 68,562,357,599,1 382,562,671,599,1 695,562,984,599,1 1008,562,1297,599,1
D:\datasets\dataset_webpage\data\img_segment\img\31\segment\1.png 68,0,1297,146,1 68,0,357,126,1 382,0,671,126,1 695,0,984,126,1 1008,0,1297,126,1 68,568,1297,599,1
D:\datasets\dataset_webpage\data\img_segment\img\31\segment\3.png 70,72,98,100,1 114,72,142,100,1 158,72,186,100,1 202,72,230,100,1 246,72,274,100,1
D:\datasets\dataset_webpage\data\img_segment\img\31\segment\2.png 68,0,1297,430,1 68,294,357,456,1 382,294,671,456,1 695,294,984,456,1 1008,294,1297,456,1
D:\datasets\dataset_webpage\data\img_segment\img\33\segment\0.png 339,271,1059,546,1 1059,271,1779,546,1 1779,271,2499,546,1 339,546,1059,599,1 1059,546,1779,599,1 1779,546,2499,599,1
D:\datasets\dataset_webpage\data\img_segment\img\33\segment\1.png 339,0,1059,222,1 1059,0,1779,222,1 1779,0,2499,222,1 339,221,1059,496,1 1059,221,1779,496,1 1779,221,2499,496,1
D:\datasets\dataset_webpage\data\img_segment\img\34\segment\0.png 905,77,965,126,1
D:\datasets\dataset_webpage\data\img_segment\img\35\segment\0.png 547,49,819,183,1
D:\datasets\dataset_webpage\data\img_segment\img\37\segment\0.png 547,49,819,183,1
D:\datasets\dataset_webpage\data\img_segment\img\38\segment\0.png 289,482,313,507,1 289,526,313,550,1 289,570,313,594,1
D:\datasets\dataset_webpage\data\img_segment\img\38\segment\1.png 289,14,313,38,1
D:\datasets\dataset_webpage\data\img_segment\img\38\segment\3.png 0,248,4,252,1
D:\datasets\dataset_webpage\data\img_segment\img\39\segment\0.png 169,435,241,459,1 298,435,359,459,1 421,435,481,459,1 536,435,611,459,1 664,435,729,459,1 788,435,853,459,1 166,502,243,526,1 307,502,349,526,1 418,502,485,526,1 540,502,609,526,1 670,502,723,526,1 788,502,853,526,1 156,569,255,593,1 301,569,355,593,1 428,569,475,593,1 544,569,603,593,1 666,569,729,593,1 788,569,851,593,1
D:\datasets\dataset_webpage\data\img_segment\img\39\segment\1.png 160,86,326,271,1 340,86,506,194,1 520,86,686,194,1 700,86,866,194,1 160,290,326,398,1 340,290,506,398,1 520,290,686,398,1 700,290,866,398,1 160,494,326,599,1 340,494,506,599,1 520,494,686,599,1 700,494,866,599,1
D:\datasets\dataset_webpage\data\img_segment\img\39\segment\2.png 160,0,326,3,1 340,0,506,3,1 520,0,686,3,1 700,0,866,3,1 160,98,326,206,1 340,98,506,206,1 520,98,686,206,1 700,98,866,206,1 160,335,326,423,1 520,335,686,423,1
D:\datasets\dataset_webpage\data\img_segment\img\4\segment\0.png 583,176,783,359,1
D:\datasets\dataset_webpage\data\img_segment\img\42\segment\11.png 149,453,171,469,1
D:\datasets\dataset_webpage\data\img_segment\img\42\segment\17.png 149,512,171,528,1
D:\datasets\dataset_webpage\data\img_segment\img\42\segment\6.png 190,460,212,476,1
D:\datasets\dataset_webpage\data\img_segment\img\42\segment\5.png 270,26,292,42,1
D:\datasets\dataset_webpage\data\img_segment\img\42\segment\9.png 206,211,228,227,1 149,340,171,356,1
D:\datasets\dataset_webpage\data\img_segment\img\42\segment\18.png 149,170,171,186,1 243,429,265,445,1
D:\datasets\dataset_webpage\data\img_segment\img\42\segment\12.png 264,370,286,386,1
D:\datasets\dataset_webpage\data\img_segment\img\42\segment\3.png 149,451,171,467,1
D:\datasets\dataset_webpage\data\img_segment\img\42\segment\14.png 149,75,171,91,1
D:\datasets\dataset_webpage\data\img_segment\img\42\segment\15.png 149,250,171,266,1
D:\datasets\dataset_webpage\data\img_segment\img\42\segment\22.png 149,226,171,242,1 233,226,255,242,1
D:\datasets\dataset_webpage\data\img_segment\img\42\segment\2.png 149,255,171,271,1 265,255,287,271,1 319,384,341,400,1
D:\datasets\dataset_webpage\data\img_segment\img\43\segment\0.png 78,14,186,37,1 295,453,670,599,1
D:\datasets\dataset_webpage\data\img_segment\img\43\segment\1.png 295,0,670,88,1 670,138,1045,371,1 295,423,670,599,1
D:\datasets\dataset_webpage\data\img_segment\img\44\segment\0.png 469,0,619,30,1 1332,538,1345,556,1 1332,588,1347,599,1
D:\datasets\dataset_webpage\data\img_segment\img\44\segment\1.png 1332,0,1347,7,1
D:\datasets\dataset_webpage\data\img_segment\img\46\segment\0.png 966,9,1366,48,1 1299,99,2799,599,1 2665,99,4165,599,1 4031,99,5531,599,1 5397,99,6897,599,1 48,400,308,599,1 385,400,645,599,1 721,400,981,599,1
D:\datasets\dataset_webpage\data\img_segment\img\46\segment\5.png 40,0,310,21,1 325,0,468,31,1 483,0,642,31,1 656,0,926,27,1 940,0,1099,31,1 1113,0,1383,14,1 1408,0,1532,31,1 1556,0,1826,14,1 1840,0,1999,31,1 2013,0,2158,31,1 2172,0,2442,14,1 2456,0,2726,14,1 2740,0,3010,14,1 3024,0,3294,14,1 3308,0,3508,31,1 3522,0,3704,31,1 3718,0,3988,14,1 4002,0,4161,31,1 4175,0,4391,31,1 4405,0,4576,31,1 40,129,184,329,1 199,144,469,312,1 483,129,713,329,1 727,129,876,329,1 890,129,1087,329,1 1101,129,1265,329,1 1279,129,1426,329,1 1440,129,1610,329,1 1624,129,1811,329,1 1825,129,2045,329,1 2059,129,2238,329,1 2252,129,2456,329,1 2470,129,2737,329,1 2752,129,2896,329,1 2910,134,3180,322,1 3194,129,3380,329,1 3403,129,3530,329,1 3553,129,3734,329,1 3748,129,3970,329,1 3984,129,4153,329,1 124,393,564,593,1 801,393,1241,593,1
D:\datasets\dataset_webpage\data\img_segment\img\46\segment\3.png 40,0,310,32,1 324,0,535,103,1 549,0,792,103,1 806,0,1076,44,1 1090,0,1360,63,1 1374,0,1644,77,1 1658,0,1904,103,1 1918,0,2188,35,1 2202,0,2472,63,1 2486,0,2756,59,1 40,209,310,391,1 324,208,594,392,1 608,201,823,401,1 837,260,1107,341,1 1121,204,1391,396,1 1405,210,1675,391,1 1689,274,1959,327,1 1973,201,2192,401,1 2206,211,2476,389,1 2490,201,2694,401,1
D:\datasets\dataset_webpage\data\img_segment\img\46\segment\6.png 40,88,279,288,1 293,88,557,288,1 571,88,727,288,1 741,89,1011,286,1 1025,88,1179,288,1 1235,88,1296,288,1 1391,88,1458,288,1 1511,88,1781,286,1 1795,88,1946,288,1 1960,88,2169,288,1
D:\datasets\dataset_webpage\data\img_segment\img\46\segment\4.png 124,135,564,335,1 801,135,1241,335,1 40,439,310,599,1 325,430,468,599,1 483,430,642,599,1 656,433,926,599,1 940,430,1099,599,1 1113,445,1383,599,1 1408,430,1532,599,1 1556,445,1826,599,1 1840,430,1999,599,1 2013,430,2158,599,1 2172,445,2442,599,1 2456,445,2726,599,1 2740,445,3010,599,1 3024,445,3294,599,1 3308,430,3508,599,1 3522,430,3704,599,1 3718,445,3988,599,1 4002,430,4161,599,1 4175,430,4391,599,1 4405,430,4576,599,1
D:\datasets\dataset_webpage\data\img_segment\img\46\segment\1.png 1299,0,2799,100,1 2665,0,4165,100,1 4031,0,5531,100,1 5397,0,6897,100,1 48,0,308,61,1 385,0,645,61,1 721,0,981,61,1 40,258,310,428,1 364,244,429,444,1 483,246,753,440,1 767,244,1037,442,1 1090,244,1158,444,1 1210,259,1480,428,1 1494,244,1729,444,1 1743,247,2013,439,1 2027,244,2213,444,1 2266,244,2332,444,1 2386,250,2656,436,1 2709,244,2776,444,1 2869,244,2934,444,1 3030,244,3091,444,1 3188,244,3251,444,1 3306,258,3576,429,1 3626,244,3698,444,1 3780,244,3862,444,1 3910,244,4050,444,1 4088,244,4192,444,1 40,543,250,599,1 264,554,534,599,1 548,543,711,599,1 725,543,936,599,1 953,543,1092,599,1 1111,543,1252,599,1 1276,543,1405,599,1 1451,543,1548,599,1 1586,561,1856,599,1 1870,543,2045,599,1
D:\datasets\dataset_webpage\data\img_segment\img\46\segment\2.png 40,0,250,144,1 264,0,534,132,1 548,0,711,144,1 725,0,936,144,1 953,0,1092,144,1 1111,0,1252,144,1 1276,0,1405,144,1 1451,0,1548,144,1 1586,0,1856,125,1 1870,0,2045,144,1 124,207,564,407,1 801,207,1241,407,1 40,571,310,599,1 324,502,535,599,1 549,502,792,599,1 806,560,1076,599,1 1090,540,1360,599,1 1374,527,1644,599,1 1658,502,1904,599,1 1918,569,2188,599,1 2202,540,2472,599,1 2486,545,2756,599,1
D:\datasets\dataset_webpage\data\img_segment\img\47\segment\1.png 124,33,480,233,1
D:\datasets\dataset_webpage\data\img_segment\img\47\segment\3.png 124,0,480,130,1
D:\datasets\dataset_webpage\data\img_segment\img\47\segment\2.png 124,9,480,209,1 124,529,480,599,1
D:\datasets\dataset_webpage\data\img_segment\img\48\segment\0.png 255,119,525,269,1 528,119,798,269,1 802,119,1072,269,1 1076,119,1346,269,1 255,272,525,422,1 528,272,798,422,1 802,272,1072,422,1 1076,272,1346,422,1 255,425,525,575,1 528,425,798,575,1 1076,425,1346,575,1 255,578,525,599,1 528,578,798,599,1 802,578,1072,599,1 1076,578,1346,599,1
D:\datasets\dataset_webpage\data\img_segment\img\48\segment\4.png 255,0,525,12,1 528,0,798,12,1 802,0,1072,12,1 1076,0,1346,12,1 255,14,525,164,1 528,14,798,164,1 802,14,1072,164,1 1076,14,1346,164,1 255,167,525,317,1 528,167,798,317,1 802,167,1072,317,1 1076,167,1346,317,1 255,320,525,470,1 528,320,798,470,1 802,320,1072,470,1 1076,320,1346,470,1
D:\datasets\dataset_webpage\data\img_segment\img\48\segment\1.png 255,0,525,129,1 528,0,798,129,1 802,0,1072,129,1 1076,0,1346,129,1 255,131,525,281,1 528,131,798,281,1 802,131,1072,281,1 1076,131,1346,281,1 255,284,525,434,1 528,284,798,434,1 802,284,1072,434,1 1076,284,1346,434,1 255,437,525,587,1 528,437,798,587,1 802,437,1072,587,1 1076,437,1346,587,1 255,590,525,599,1 528,590,798,599,1 802,590,1072,599,1 1076,590,1346,599,1
D:\datasets\dataset_webpage\data\img_segment\img\48\segment\3.png 255,2,525,152,1 528,2,798,152,1 802,2,1072,152,1 1076,2,1346,152,1 255,155,525,305,1 528,155,798,305,1 802,155,1072,305,1 1076,155,1346,305,1 255,308,525,458,1 528,308,798,458,1 802,308,1072,458,1 1076,308,1346,458,1 255,461,525,599,1 528,461,798,599,1 802,461,1072,599,1 1076,461,1346,599,1
D:\datasets\dataset_webpage\data\img_segment\img\48\segment\2.png 255,0,525,141,1 528,0,798,141,1 802,0,1072,141,1 1076,0,1346,141,1 255,143,525,293,1 528,143,798,293,1 802,143,1072,293,1 1076,143,1346,293,1 255,296,525,446,1 528,296,798,446,1 802,296,1072,446,1 1076,296,1346,446,1 255,449,525,599,1 528,449,798,599,1 802,449,1072,599,1 1076,449,1346,599,1
D:\datasets\dataset_webpage\data\img_segment\img\49\segment\0.png 163,162,193,192,1 50,257,257,507,1 70,571,86,587,1 258,257,464,507,1 278,571,294,587,1 466,257,672,507,1 486,571,502,587,1 672,257,879,507,1 692,571,708,587,1 880,257,1086,507,1 900,571,916,587,1 1088,257,1294,507,1 1108,571,1124,587,1 1294,257,1916,599,1 1314,570,1330,586,1 1916,257,2123,507,1 1936,571,1952,587,1 2124,257,2330,507,1 2144,571,2160,587,1 2332,257,2538,507,1 2352,571,2368,587,1 2538,257,2745,507,1 2558,571,2574,587,1 2746,257,2952,507,1 2766,571,2782,587,1 2954,257,3160,507,1 2974,571,2990,587,1 3160,257,3782,599,1 3782,257,3989,507,1 3802,571,3818,587,1 3990,257,4196,507,1 4010,571,4026,587,1 4198,257,4404,507,1 4218,571,4234,587,1 4404,257,4611,507,1 4424,571,4440,587,1 4612,347,4818,597,1 4820,347,5026,597,1 5026,347,5648,599,1 5648,347,5855,597,1 5856,347,6062,597,1 6064,347,6270,597,1 6025,347,6232,597,1 5857,347,6063,597,1 6064,347,6270,597,1 6270,347,6892,599,1 6892,347,7099,597,1 7100,347,7306,597,1 7308,347,7514,597,1 7514,347,8136,599,1 8136,347,8446,599,1 8447,347,8758,513,1 8447,514,8758,599,1 8758,347,9380,599,1 9380,347,9690,599,1 9691,347,10002,513,1 9691,514,10002,599,1 10002,347,10313,599,1 10314,347,10624,599,1 10624,347,10934,599,1 10935,347,11246,513,1 10935,514,11246,599,1 11246,347,11556,599,1 11557,347,11868,513,1 11557,514,11868,599,1 694,347,994,597,1 710,565,726,581,1
D:\datasets\dataset_webpage\data\img_segment\img\49\segment\5.png 50,0,349,110,1 63,173,79,189,1 702,22,802,97,1 814,81,830,97,1 702,120,802,195,1 814,179,830,195,1 1024,22,1124,97,1 1136,81,1152,97,1 1024,120,1124,195,1 1136,179,1152,195,1 50,296,349,490,1 63,554,79,570,1 381,305,481,380,1 493,364,509,380,1 381,403,481,478,1 493,462,509,478,1 381,501,481,576,1 702,305,802,380,1 814,364,830,380,1 702,403,802,478,1 814,462,830,478,1 702,501,802,576,1 814,560,830,576,1 1015,296,1314,490,1 1028,554,1044,570,1 1337,296,1636,490,1
D:\datasets\dataset_webpage\data\img_segment\img\49\segment\3.png 50,0,349,167,1 63,230,79,246,1 372,0,671,167,1 385,230,401,246,1 702,0,802,57,1 814,40,830,56,1 702,79,802,154,1 814,138,830,154,1 702,177,802,252,1 814,236,830,252,1 1024,0,1124,57,1 1136,40,1152,56,1 1024,79,1124,154,1 1136,138,1152,154,1 1024,177,1124,252,1 1136,236,1152,252,1 50,353,349,547,1 372,353,671,547,1 694,353,993,547,1 1015,353,1314,547,1
D:\datasets\dataset_webpage\data\img_segment\img\49\segment\9.png 360,145,495,185,1 350,188,505,248,1
D:\datasets\dataset_webpage\data\img_segment\img\49\segment\6.png 50,77,349,271,1 63,335,79,351,1 381,86,481,161,1 493,145,509,161,1 381,184,481,259,1 493,243,509,259,1 381,282,481,357,1 493,341,509,357,1 702,86,802,161,1 814,145,830,161,1 702,184,802,259,1 814,243,830,259,1 702,282,802,357,1 814,341,830,357,1 1015,77,1314,271,1 1028,335,1044,351,1 50,458,349,599,1 372,458,671,599,1 702,467,802,542,1 814,526,830,542,1 702,565,802,599,1 1024,467,1124,542,1 1136,526,1152,542,1 1024,565,1124,599,1
D:\datasets\dataset_webpage\data\img_segment\img\49\segment\4.png 50,134,349,328,1 63,392,79,408,1 381,143,481,218,1 493,202,509,218,1 381,241,481,316,1 493,300,509,316,1 381,339,481,414,1 493,398,509,414,1 702,143,802,218,1 814,202,830,218,1 702,241,802,316,1 814,300,830,316,1 702,339,802,414,1 814,398,830,414,1 1024,143,1124,218,1 1136,202,1152,218,1 1024,241,1124,316,1 1136,300,1152,316,1 1024,339,1124,414,1 1136,398,1152,414,1 50,515,349,599,1 702,524,802,599,1 814,583,830,599,1 1024,524,1124,599,1 1136,583,1152,599,1
D:\datasets\dataset_webpage\data\img_segment\img\49\segment\8.png 50,20,349,214,1 63,278,79,294,1 381,29,481,104,1 493,88,509,104,1 381,127,481,202,1 493,186,509,202,1 381,225,481,300,1 493,284,509,300,1 702,29,802,104,1 814,88,830,104,1 702,127,802,202,1 814,186,830,202,1 702,225,802,300,1 814,284,830,300,1 1015,20,1314,214,1 1028,278,1044,294,1 50,401,349,595,1 372,401,671,595,1 694,401,993,595,1 1015,401,1314,595,1
D:\datasets\dataset_webpage\data\img_segment\img\49\segment\1.png 1294,0,1916,26,1 3160,0,3782,26,1 4632,61,4648,77,1 4840,61,4856,77,1 5026,0,5648,116,1 5668,61,5684,77,1 5876,61,5892,77,1 6084,61,6100,77,1 5713,61,5729,77,1 5876,61,5892,77,1 6084,61,6100,77,1 6270,0,6892,116,1 6290,60,6306,76,1 6912,61,6928,77,1 7120,61,7136,77,1 7328,61,7344,77,1 7514,0,8136,116,1 8136,0,8446,81,1 8156,61,8172,77,1 8447,0,8758,81,1 8758,0,9380,116,1 9380,0,9690,81,1 9400,61,9416,77,1 9691,0,10002,81,1 10002,0,10313,81,1 10022,61,10038,77,1 10314,0,10624,81,1 10334,61,10350,77,1 10624,0,10934,81,1 10644,61,10660,77,1 10935,0,11246,81,1 11246,0,11556,81,1 11266,61,11282,77,1 11557,0,11868,81,1 59,147,159,222,1 171,206,187,222,1 59,263,159,338,1 171,322,187,338,1 381,147,481,222,1 493,206,509,222,1 381,263,481,338,1 703,31,803,106,1 815,90,831,106,1 703,147,803,222,1 815,206,831,222,1 703,263,803,338,1 815,322,831,338,1 1025,31,1125,106,1 1137,90,1153,106,1 1025,147,1125,222,1 1137,206,1153,222,1 1025,263,1125,338,1 1137,322,1153,338,1
D:\datasets\dataset_webpage\data\img_segment\img\49\segment\2.png 50,101,349,295,1 63,359,79,375,1 372,101,671,295,1 385,359,401,375,1 702,110,802,185,1 814,169,830,185,1 702,208,802,283,1 814,267,830,283,1 702,306,802,381,1 814,365,830,381,1 1024,110,1124,185,1 1136,169,1152,185,1 1024,208,1124,283,1 1136,267,1152,283,1 1024,306,1124,381,1 1136,365,1152,381,1 50,572,349,599,1 372,572,671,599,1 702,581,802,599,1 1024,581,1124,599,1
D:\datasets\dataset_webpage\data\img_segment\img\49\segment\7.png 50,0,349,53,1 63,116,79,132,1 372,0,671,53,1 385,116,401,132,1 702,0,802,41,1 814,24,830,40,1 702,63,802,138,1 814,122,830,138,1 1024,0,1124,41,1 1136,24,1152,40,1 1024,63,1124,138,1 1136,122,1152,138,1 50,239,349,433,1 63,497,79,513,1 372,239,671,433,1 385,497,401,513,1 702,248,802,323,1 814,307,830,323,1 702,346,802,421,1 814,405,830,421,1 702,444,802,519,1 814,503,830,519,1 1024,248,1124,323,1 1136,307,1152,323,1 1024,346,1124,421,1 1136,405,1152,421,1 1024,444,1124,519,1 1136,503,1152,519,1
D:\datasets\dataset_webpage\data\img_segment\img\50\segment\0.png 44,238,359,415,1 365,238,680,415,1 686,238,1001,415,1 1007,238,1322,415,1 44,496,359,599,1 365,496,680,599,1 686,496,1001,599,1 1007,496,1322,599,1
D:\datasets\dataset_webpage\data\img_segment\img\50\segment\5.png 44,76,359,253,1 365,76,680,253,1 686,76,1001,253,1 1007,76,1322,253,1 44,334,359,511,1
D:\datasets\dataset_webpage\data\img_segment\img\50\segment\3.png 44,0,359,164,1 365,0,680,164,1 686,0,1001,164,1 1007,0,1322,164,1 44,244,359,421,1 365,244,680,421,1 686,244,1001,421,1 1007,244,1322,422,1 44,502,359,599,1 365,502,680,599,1 686,502,1001,599,1 1007,502,1322,599,1
D:\datasets\dataset_webpage\data\img_segment\img\50\segment\6.png 218,111,1148,357,1
D:\datasets\dataset_webpage\data\img_segment\img\50\segment\4.png 44,0,359,80,1 365,0,680,80,1 686,0,1001,80,1 1007,0,1322,80,1 44,160,359,337,1 365,160,680,337,1 686,160,1001,337,1 1007,160,1322,337,1 44,418,359,595,1 365,418,680,595,1 686,418,1001,595,1 1007,418,1322,595,1
D:\datasets\dataset_webpage\data\img_segment\img\50\segment\1.png 44,0,359,74,1 365,0,680,74,1 686,0,1001,74,1 1007,0,1322,74,1 44,154,359,331,1 365,154,680,331,1 686,154,1001,331,1 1007,154,1322,331,1 44,412,359,589,1 365,412,680,589,1 686,412,1001,589,1 1007,412,1322,589,1
D:\datasets\dataset_webpage\data\img_segment\img\50\segment\2.png 44,70,359,247,1 365,70,680,247,1 686,70,1001,247,1 1007,70,1322,247,1 44,328,359,505,1 365,328,680,505,1 686,328,1001,505,1 1007,328,1322,505,1 44,586,359,599,1 365,586,680,599,1 686,586,1001,599,1 1007,586,1322,599,1
D:\datasets\dataset_webpage\data\img_segment\img\51\segment\0.png 472,208,542,278,1 824,208,894,278,1
D:\datasets\dataset_webpage\data\img_segment\img\51\segment\1.png 177,120,332,264,1 462,120,617,264,1 747,120,902,264,1 1032,120,1187,264,1
D:\datasets\dataset_webpage\data\img_segment\img\51\segment\3.png 178,0,351,93,1 457,0,630,93,1 178,92,351,192,1 457,92,630,192,1 735,0,908,93,1 1014,0,1187,93,1 735,92,908,192,1 1014,92,1187,192,1
D:\datasets\dataset_webpage\data\img_segment\img\51\segment\2.png 139,18,214,93,1 418,18,493,93,1 696,18,771,93,1 975,18,1050,93,1 178,592,351,599,1 457,592,630,599,1 735,592,908,599,1 1014,592,1187,599,1
D:\datasets\dataset_webpage\data\img_segment\img\52\segment\0.png 787,8,819,40,1 1104,177,1173,217,1 193,233,633,453,1 633,233,1073,453,1 1073,233,1513,453,1 1513,233,1953,453,1 1953,233,2393,453,1 653,233,813,333,1 833,233,993,333,1 1013,233,1173,333,1 653,353,813,453,1 833,353,993,453,1 1013,353,1173,453,1 653,473,813,573,1 833,473,993,573,1 193,538,353,599,1 373,538,533,599,1 553,538,713,599,1 733,538,893,599,1 913,537,1173,599,1
D:\datasets\dataset_webpage\data\img_segment\img\52\segment\16.png 913,196,1173,599,1
D:\datasets\dataset_webpage\data\img_segment\img\52\segment\17.png 913,0,1173,365,1
D:\datasets\dataset_webpage\data\img_segment\img\52\segment\18.png 193,79,293,117,1 193,79,293,117,1 608,71,628,91,1 440,98,456,114,1
D:\datasets\dataset_webpage\data\img_segment\img\52\segment\5.png 193,526,225,546,1
D:\datasets\dataset_webpage\data\img_segment\img\52\segment\1.png 504,128,536,160,1 193,0,353,39,1 373,0,533,39,1 553,0,713,39,1 733,0,893,39,1 193,106,353,206,1 913,0,1173,88,1 193,121,1173,201,1 193,181,225,201,1 193,266,353,366,1 373,266,533,366,1 553,266,713,366,1 733,266,893,366,1 193,434,353,534,1 373,434,533,534,1 553,434,713,534,1 733,434,893,534,1 418,265,458,305,1 418,319,458,359,1 418,373,458,413,1 418,427,458,467,1 418,481,458,521,1 418,535,458,575,1 913,265,1173,513,1 913,533,1040,576,1 1046,533,1173,576,1
D:\datasets\dataset_webpage\data\img_segment\img\52\segment\2.png 193,2,353,102,1 373,2,533,102,1 193,503,225,523,1
D:\datasets\dataset_webpage\data\img_segment\img\53\segment\12.png 144,0,192,5,1 144,208,192,256,1
D:\datasets\dataset_webpage\data\img_segment\img\53\segment\11.png 144,556,192,599,1
D:\datasets\dataset_webpage\data\img_segment\img\54\segment\0.png 901,33,953,47,1 199,119,400,417,1 260,228,340,308,1 411,119,612,417,1 472,228,552,308,1 624,119,825,417,1 684,228,764,308,1 200,522,824,599,1
D:\datasets\dataset_webpage\data\img_segment\img\54\segment\5.png 199,102,315,274,1 326,102,442,274,1 453,102,569,274,1 581,102,697,274,1 709,102,825,274,1 200,446,824,599,1 472,582,552,599,1 868,0,1175,180,1 982,24,1062,104,1
D:\datasets\dataset_webpage\data\img_segment\img\54\segment\3.png 199,0,506,73,1 518,0,825,73,1 199,193,400,394,1 411,193,612,394,1 624,193,825,394,1 199,574,300,599,1
D:\datasets\dataset_webpage\data\img_segment\img\54\segment\4.png 199,0,300,125,1 199,380,400,581,1 411,380,612,581,1 624,380,825,581,1 868,549,1175,599,1
D:\datasets\dataset_webpage\data\img_segment\img\54\segment\1.png 200,0,824,274,1 472,58,552,138,1 200,473,824,599,1
D:\datasets\dataset_webpage\data\img_segment\img\54\segment\2.png 200,0,824,225,1 472,9,552,89,1 199,442,506,599,1 518,442,825,599,1
D:\datasets\dataset_webpage\data\img_segment\img\56\segment\11.png 63,0,301,53,1 311,0,549,53,1 559,0,797,53,1 807,0,1045,53,1 1055,0,1293,53,1 63,107,301,286,1 311,107,549,286,1 559,107,797,286,1 807,107,1045,286,1 1055,107,1293,286,1 63,341,301,520,1 311,341,549,520,1 559,341,797,520,1 807,341,1045,520,1 1055,341,1293,520,1 63,575,301,599,1 311,575,549,599,1 559,575,797,599,1 807,575,1045,599,1 1055,575,1293,599,1
D:\datasets\dataset_webpage\data\img_segment\img\56\segment\6.png 63,0,301,11,1 311,0,549,11,1 559,0,797,11,1 807,0,1045,11,1 1055,0,1293,11,1 63,65,301,244,1 311,65,549,244,1 559,65,797,244,1 807,65,1045,244,1 1055,65,1293,244,1 63,299,301,478,1 311,299,549,478,1 559,299,797,478,1 807,299,1045,478,1 1055,299,1293,478,1 63,533,301,599,1 311,533,549,599,1 559,533,797,599,1
D:\datasets\dataset_webpage\data\img_segment\img\56\segment\5.png 63,0,301,143,1 311,0,549,143,1 559,0,797,143,1 807,0,1045,143,1 1055,0,1293,143,1 63,197,301,376,1 311,197,549,376,1 559,197,797,376,1 807,197,1045,376,1 1055,197,1293,376,1 63,431,301,599,1 311,431,549,599,1 559,431,797,599,1 807,431,1045,599,1 1055,431,1293,599,1
D:\datasets\dataset_webpage\data\img_segment\img\56\segment\9.png 63,0,301,83,1 311,0,549,83,1 559,0,797,83,1 807,0,1045,83,1 1055,0,1293,83,1 63,137,301,316,1 311,137,549,316,1 559,137,797,316,1 807,137,1045,316,1 1055,137,1293,316,1 63,371,301,550,1 311,371,549,550,1 559,371,797,550,1 807,371,1045,550,1 1055,371,1293,550,1
D:\datasets\dataset_webpage\data\img_segment\img\56\segment\8.png 63,35,301,214,1 311,35,549,214,1 559,35,797,214,1 807,35,1045,214,1 1055,35,1293,214,1 63,269,301,448,1 311,269,549,448,1 559,269,797,448,1 807,269,1045,448,1 1055,269,1293,448,1 63,503,301,599,1 311,503,549,599,1 559,503,797,599,1 807,503,1045,599,1 1055,503,1293,599,1
D:\datasets\dataset_webpage\data\img_segment\img\56\segment\7.png 63,0,301,113,1 311,0,549,113,1 559,0,797,113,1 63,167,301,346,1 311,167,549,346,1 559,167,797,346,1 807,167,1045,346,1 1055,167,1293,346,1 63,401,301,580,1 311,401,549,580,1 559,401,797,580,1 807,401,1045,580,1 1055,401,1293,580,1
D:\datasets\dataset_webpage\data\img_segment\img\56\segment\0.png 62,12,248,46,1 63,155,301,334,1 311,155,549,334,1 559,155,797,334,1 807,155,1045,334,1 1055,155,1293,334,1 63,389,301,568,1 311,389,549,568,1 559,389,797,568,1
D:\datasets\dataset_webpage\data\img_segment\img\56\segment\12.png 63,0,301,155,1 311,0,549,155,1 559,0,797,155,1 807,0,1045,155,1 1055,0,1293,155,1 63,209,301,388,1 311,209,549,388,1 559,209,797,388,1 807,209,1045,388,1 1055,209,1293,388,1 63,443,301,599,1 311,443,549,599,1 559,443,797,599,1 807,443,1045,599,1 1055,443,1293,599,1
D:\datasets\dataset_webpage\data\img_segment\img\56\segment\3.png 63,0,301,173,1 311,0,549,173,1 559,0,797,173,1 807,0,1045,173,1 1055,0,1293,173,1 63,227,301,406,1 311,227,549,406,1 559,227,797,406,1 807,227,1045,406,1 1055,227,1293,406,1 63,461,301,599,1 311,461,549,599,1 559,461,797,599,1 807,461,1045,599,1 1055,461,1293,599,1
D:\datasets\dataset_webpage\data\img_segment\img\56\segment\14.png 63,0,301,125,1 311,0,549,125,1 559,0,797,125,1
D:\datasets\dataset_webpage\data\img_segment\img\56\segment\10.png 63,5,301,184,1 311,5,549,184,1 559,5,797,184,1 807,5,1045,184,1 1055,5,1293,184,1 559,239,797,418,1 807,239,1045,418,1 1055,239,1293,418,1 63,473,301,599,1 311,473,549,599,1 559,473,797,599,1 807,473,1045,599,1 1055,473,1293,599,1
D:\datasets\dataset_webpage\data\img_segment\img\56\segment\4.png 63,0,301,41,1 311,0,549,41,1 559,0,797,41,1 807,0,1045,41,1 1055,0,1293,41,1 63,95,301,274,1 311,95,549,274,1 559,95,797,274,1 807,95,1045,274,1 1055,95,1293,274,1 63,329,301,508,1 311,329,549,508,1 559,329,797,508,1 807,329,1045,508,1 1055,329,1293,508,1 63,563,301,599,1 311,563,549,599,1 559,563,797,599,1 807,563,1045,599,1 1055,563,1293,599,1
D:\datasets\dataset_webpage\data\img_segment\img\56\segment\1.png 63,23,301,202,1 311,23,549,202,1 559,23,797,202,1 807,23,1045,202,1 1055,23,1293,202,1 63,257,301,436,1 311,257,549,436,1 559,257,797,436,1 807,257,1045,436,1 1055,257,1293,436,1 63,491,301,599,1 311,491,549,599,1 559,491,797,599,1 807,491,1045,599,1 1055,491,1293,599,1
D:\datasets\dataset_webpage\data\img_segment\img\56\segment\13.png 63,0,301,23,1 311,0,549,23,1 559,0,797,23,1 807,0,1045,23,1 1055,0,1293,23,1 63,77,301,256,1 311,77,549,256,1 559,77,797,256,1 807,77,1045,256,1 1055,77,1293,256,1 63,311,301,490,1 311,311,549,490,1 559,311,797,490,1 807,311,1045,490,1 1055,311,1293,490,1 63,545,301,599,1 311,545,549,599,1 559,545,797,599,1
D:\datasets\dataset_webpage\data\img_segment\img\56\segment\2.png 63,0,301,71,1 311,0,549,71,1 559,0,797,71,1 807,0,1045,71,1 1055,0,1293,71,1 63,125,301,304,1 311,125,549,304,1 559,125,797,304,1 807,125,1045,304,1 1055,125,1293,304,1 63,359,301,538,1 311,359,549,538,1 559,359,797,538,1 807,359,1045,538,1 1055,359,1293,538,1 63,593,301,599,1 311,593,549,599,1 559,593,797,599,1 807,593,1045,599,1 1055,593,1293,599,1
D:\datasets\dataset_webpage\data\img_segment\img\6\segment\0.png 53,59,208,99,1 971,56,1011,96,1 59,143,81,157,1 233,171,1133,451,1 1130,171,2029,451,1 2025,171,2925,451,1 1131,171,1323,311,1 1131,311,1323,451,1 258,483,300,523,1 310,506,641,518,1 666,483,708,523,1 718,506,916,518,1 941,483,983,523,1 59,578,249,599,1 803,578,953,599,1 980,578,1130,599,1 1157,578,1307,599,1
D:\datasets\dataset_webpage\data\img_segment\img\6\segment\5.png 59,39,296,276,1 313,39,550,276,1 567,39,804,276,1 821,39,1058,276,1 1075,39,1312,276,1 59,383,296,599,1 313,383,550,599,1 567,383,804,599,1 821,383,1058,599,1 1075,383,1312,599,1
D:\datasets\dataset_webpage\data\img_segment\img\6\segment\3.png 59,0,296,101,1 313,0,550,101,1 567,0,804,101,1 821,0,1058,101,1 1075,0,1312,101,1 59,207,296,444,1 313,207,550,444,1 567,207,804,444,1 821,207,1058,444,1 1075,207,1312,444,1 59,551,296,599,1 313,551,550,599,1 567,551,804,599,1 821,551,1058,599,1 1075,551,1312,599,1
D:\datasets\dataset_webpage\data\img_segment\img\6\segment\9.png 1098,287,1158,347,1 253,443,1154,488,1
D:\datasets\dataset_webpage\data\img_segment\img\6\segment\6.png 59,0,296,21,1 313,0,550,21,1 567,0,804,21,1 821,0,1058,21,1 1075,0,1312,21,1 59,127,296,364,1 313,127,550,364,1 567,127,804,364,1 821,127,1058,364,1 1075,127,1312,364,1 59,471,296,599,1 313,471,550,599,1 567,471,804,599,1 821,471,1058,599,1 1075,471,1312,599,1
D:\datasets\dataset_webpage\data\img_segment\img\6\segment\4.png 59,0,296,189,1 313,0,550,189,1 567,0,804,189,1 821,0,1058,189,1 1075,0,1312,189,1 59,295,296,532,1 313,295,550,532,1 567,295,804,532,1 821,295,1058,532,1 1075,295,1312,532,1
D:\datasets\dataset_webpage\data\img_segment\img\6\segment\8.png 59,0,296,197,1 313,0,550,197,1 567,0,804,197,1 821,0,1058,197,1 1075,0,1312,197,1
D:\datasets\dataset_webpage\data\img_segment\img\6\segment\1.png 59,0,249,5,1 803,0,953,3,1 980,0,1130,3,1 1157,0,1307,3,1 43,20,381,260,1 213,204,293,244,1 59,306,163,332,1 59,395,160,496,1 59,497,160,597,1 161,395,363,597,1 373,395,474,496,1 373,497,474,597,1 475,395,677,597,1 687,395,788,496,1 687,497,788,597,1 789,395,991,597,1 1001,395,1102,496,1 1001,497,1102,597,1 1103,395,1305,597,1
D:\datasets\dataset_webpage\data\img_segment\img\6\segment\2.png 59,119,296,356,1 313,119,550,356,1 567,119,804,356,1 821,119,1058,356,1 1075,119,1312,356,1 59,463,296,599,1 313,463,550,599,1 567,463,804,599,1 821,463,1058,599,1 1075,463,1312,599,1
D:\datasets\dataset_webpage\data\img_segment\img\6\segment\7.png 59,0,296,109,1 313,0,550,109,1 567,0,804,109,1 821,0,1058,109,1 1075,0,1312,109,1 59,215,296,452,1 313,215,550,452,1 567,215,804,452,1 821,215,1058,452,1 1075,215,1312,452,1 59,559,296,599,1 313,559,550,599,1 567,559,804,599,1 821,559,1058,599,1 1075,559,1312,599,1
D:\datasets\dataset_webpage\data\img_segment\img\60\segment\0.png 547,49,819,183,1
D:\datasets\dataset_webpage\data\img_segment\img\61\segment\0.png 547,49,819,183,1
D:\datasets\dataset_webpage\data\img_segment\img\62\segment\0.png 547,49,819,183,1
D:\datasets\dataset_webpage\data\img_segment\img\63\segment\0.png 51,18,241,65,1 271,184,476,300,1 481,184,686,300,1 691,184,896,300,1 900,184,1105,300,1 1110,184,1315,300,1 271,376,476,492,1 481,376,686,492,1 691,376,896,492,1 900,376,1105,492,1 1110,376,1315,492,1
D:\datasets\dataset_webpage\data\img_segment\img\63\segment\5.png 271,0,476,89,1 481,0,686,89,1 691,0,896,89,1 900,0,1105,89,1 1110,0,1315,89,1
D:\datasets\dataset_webpage\data\img_segment\img\63\segment\3.png 271,0,476,41,1 481,0,686,41,1 691,0,896,41,1 900,0,1105,41,1 1110,0,1315,41,1 271,132,476,248,1 481,132,686,248,1 691,132,896,248,1 900,132,1105,248,1 1110,132,1315,248,1 271,340,476,456,1 481,340,686,456,1 691,340,896,456,1 900,340,1105,456,1 1110,340,1315,456,1 271,548,476,599,1 481,548,686,599,1 691,548,896,599,1 900,548,1105,599,1 1110,548,1315,599,1
D:\datasets\dataset_webpage\data\img_segment\img\63\segment\6.png 514,112,584,143,1
D:\datasets\dataset_webpage\data\img_segment\img\63\segment\4.png 271,0,476,65,1 481,0,686,65,1 691,0,896,65,1 900,0,1105,65,1 1110,0,1315,65,1 271,156,476,272,1 481,156,686,272,1 691,156,896,272,1 900,156,1105,272,1 1110,156,1315,272,1 271,364,476,480,1 481,364,686,480,1 691,364,896,480,1 900,364,1105,480,1 1110,364,1315,480,1 271,572,476,599,1 481,572,686,599,1 691,572,896,599,1 900,572,1105,599,1 1110,572,1315,599,1
D:\datasets\dataset_webpage\data\img_segment\img\63\segment\1.png 271,84,476,200,1 481,84,686,200,1 691,84,896,200,1 900,84,1105,200,1 1110,84,1315,200,1 271,292,476,408,1 481,292,686,408,1 691,292,896,408,1 900,292,1105,408,1 1110,292,1315,408,1 271,500,476,599,1 481,500,686,599,1 691,500,896,599,1 900,500,1105,599,1 1110,500,1315,599,1
D:\datasets\dataset_webpage\data\img_segment\img\63\segment\2.png 271,0,476,17,1 481,0,686,17,1 691,0,896,17,1 900,0,1105,17,1 1110,0,1315,17,1 271,108,476,224,1 481,108,686,224,1 691,108,896,224,1 900,108,1105,224,1 1110,108,1315,224,1 271,316,476,432,1 481,316,686,432,1 691,316,896,432,1 900,316,1105,432,1 1110,316,1315,432,1 271,524,476,599,1 481,524,686,599,1 691,524,896,599,1 900,524,1105,599,1 1110,524,1315,599,1
D:\datasets\dataset_webpage\data\img_segment\img\64\segment\0.png 71,86,772,561,1 71,598,772,599,1
D:\datasets\dataset_webpage\data\img_segment\img\64\segment\5.png 71,0,772,122,1 107,213,473,579,1
D:\datasets\dataset_webpage\data\img_segment\img\64\segment\3.png 71,0,772,298,1 71,334,772,599,1
D:\datasets\dataset_webpage\data\img_segment\img\64\segment\6.png 107,125,473,491,1 71,582,772,599,1
D:\datasets\dataset_webpage\data\img_segment\img\64\segment\4.png 71,0,772,210,1 71,246,772,599,1
D:\datasets\dataset_webpage\data\img_segment\img\64\segment\8.png 71,0,772,370,1
D:\datasets\dataset_webpage\data\img_segment\img\64\segment\1.png 71,0,772,474,1 71,510,772,599,1
D:\datasets\dataset_webpage\data\img_segment\img\64\segment\2.png 71,0,772,386,1 71,422,772,599,1
D:\datasets\dataset_webpage\data\img_segment\img\64\segment\7.png 71,0,772,458,1 71,494,772,599,1
D:\datasets\dataset_webpage\data\img_segment\img\66\segment\0.png 1171,11,1204,38,1 540,162,564,186,1 183,568,647,599,1 917,512,1006,534,1 918,558,1187,599,1
D:\datasets\dataset_webpage\data\img_segment\img\66\segment\8.png 918,0,1187,40,1 918,183,1187,334,1 1052,259,1099,323,1
D:\datasets\dataset_webpage\data\img_segment\img\66\segment\6.png 457,278,500,313,1 917,192,1067,207,1 917,233,1187,599,1
D:\datasets\dataset_webpage\data\img_segment\img\66\segment\5.png 457,194,483,229,1 917,97,1025,129,1 902,142,1202,225,1 1052,184,1149,217,1 902,226,1202,307,1 1052,266,1173,292,1 902,308,1202,391,1 1052,350,1140,369,1
D:\datasets\dataset_webpage\data\img_segment\img\66\segment\1.png 183,0,647,289,1 918,0,1187,138,1 917,470,1059,496,1 918,520,1187,599,1
D:\datasets\dataset_webpage\data\img_segment\img\66\segment\2.png 178,227,284,260,1 918,0,1187,72,1
D:\datasets\dataset_webpage\data\img_segment\img\66\segment\7.png 917,0,1187,113,1 917,204,1188,371,1 918,473,1187,599,1 1124,483,1152,505,1
D:\datasets\dataset_webpage\data\img_segment\img\68\segment\0.png 547,49,819,183,1
D:\datasets\dataset_webpage\data\img_segment\img\7\segment\0.png 261,166,361,196,1 377,166,477,196,1 33,34,273,164,1 1063,210,1283,445,1 1063,454,1283,599,1
D:\datasets\dataset_webpage\data\img_segment\img\7\segment\1.png 1063,0,1283,90,1 368,130,968,170,1 53,190,291,428,1 301,190,539,428,1 549,190,787,428,1 797,190,1035,428,1 1045,190,1283,428,1 53,516,287,599,1 300,516,785,599,1 798,516,1283,599,1
D:\datasets\dataset_webpage\data\img_segment\img\7\segment\2.png 53,0,287,233,1 300,0,785,233,1 798,0,1283,233,1
D:\datasets\dataset_webpage\data\img_segment\img\71\segment\0.png 547,49,819,183,1
D:\datasets\dataset_webpage\data\img_segment\img\72\segment\0.png 18,30,160,85,1 1002,156,1044,170,1 245,350,297,402,1
D:\datasets\dataset_webpage\data\img_segment\img\72\segment\5.png 245,142,297,194,1 546,430,610,453,1 800,433,820,453,1
D:\datasets\dataset_webpage\data\img_segment\img\72\segment\3.png 245,28,297,80,1 245,179,297,231,1 245,330,297,382,1 245,481,297,533,1
D:\datasets\dataset_webpage\data\img_segment\img\72\segment\4.png 245,24,297,76,1 245,167,297,219,1 245,318,297,370,1
D:\datasets\dataset_webpage\data\img_segment\img\72\segment\1.png 245,52,297,104,1 245,203,297,255,1 245,346,297,398,1 245,489,297,541,1
D:\datasets\dataset_webpage\data\img_segment\img\72\segment\2.png 245,183,297,235,1 245,334,297,386,1 245,477,297,529,1
D:\datasets\dataset_webpage\data\img_segment\img\74\segment\1.png 1554,61,1574,81,1 1590,61,1610,81,1 1626,61,1646,81,1 2345,59,2365,79,1 2532,70,2541,75,1
D:\datasets\dataset_webpage\data\img_segment\img\78\segment\0.png 966,9,1366,48,1 1299,99,2799,599,1 2665,99,4165,599,1 40,526,316,599,1 385,465,645,599,1 721,465,981,599,1
D:\datasets\dataset_webpage\data\img_segment\img\78\segment\5.png 124,0,564,200,1 801,0,1241,200,1 66,294,158,494,1 199,294,366,494,1 380,294,553,494,1 567,294,813,494,1 827,294,1074,494,1 1088,294,1330,494,1 1352,294,1481,494,1 1503,294,1738,494,1 1791,294,1858,494,1 1911,294,2158,494,1 2172,294,2317,494,1 2331,294,2544,494,1 59,593,166,599,1 226,593,317,599,1 358,593,534,599,1 548,593,698,599,1 712,593,946,599,1 972,593,1093,599,1 1158,593,1226,599,1 1302,593,1399,599,1 1462,593,1557,599,1 1596,594,1866,599,1 1903,593,2002,599,1 2062,593,2162,599,1 2210,593,2332,599,1 2386,593,2472,599,1 2544,593,2632,599,1
D:\datasets\dataset_webpage\data\img_segment\img\78\segment\3.png 59,0,166,162,1 218,0,325,162,1 358,0,518,162,1 548,0,662,162,1 691,0,861,162,1 892,0,1003,162,1 1051,0,1162,162,1 1212,0,1319,162,1 1352,0,1523,162,1 1553,0,1666,162,1 1712,0,1825,162,1 1860,0,1994,162,1 2030,0,2142,162,1 108,225,1258,548,1
D:\datasets\dataset_webpage\data\img_segment\img\78\segment\6.png 59,0,166,194,1 226,0,317,194,1 358,0,534,194,1 548,0,698,194,1 712,0,946,194,1 972,0,1093,194,1 1158,0,1226,194,1 1302,0,1399,194,1 1462,0,1557,194,1 1596,0,1866,192,1 1903,0,2002,194,1 2062,0,2162,194,1 2210,0,2332,194,1 2386,0,2472,194,1 2544,0,2632,194,1 124,257,564,457,1 801,257,1241,457,1 40,552,284,599,1 298,552,542,599,1 556,552,800,599,1 814,552,1058,599,1 1072,552,1316,599,1 1330,552,1574,599,1 1588,552,1832,599,1 1846,552,2090,599,1 2104,552,2348,599,1 2362,552,2606,599,1 2620,552,2864,599,1
D:\datasets\dataset_webpage\data\img_segment\img\78\segment\4.png 54,65,171,265,1 199,75,469,253,1 483,65,714,265,1 728,116,998,213,1 1012,81,1282,247,1 1296,71,1566,258,1 1580,94,1850,234,1 1864,65,2026,265,1 2040,65,2256,265,1 2270,65,2470,265,1 2484,65,2717,265,1 2734,65,2872,265,1 2890,65,3053,265,1 3067,65,3244,265,1 3258,65,3497,265,1 3511,65,3745,265,1 124,599,564,599,1 801,599,1241,599,1
D:\datasets\dataset_webpage\data\img_segment\img\78\segment\1.png 1299,0,2799,100,1 2665,0,4165,100,1 40,0,316,45,1 385,0,645,126,1 721,0,981,126,1 45,303,180,503,1 204,303,340,503,1 362,303,498,503,1 522,303,658,503,1 680,303,816,503,1 840,303,976,503,1 998,303,1134,503,1 1158,303,1294,503,1 1316,303,1452,503,1 1476,303,1612,503,1 1634,303,1770,503,1 1794,303,1929,503,1 1953,303,2088,503,1 2112,303,2248,503,1 2270,303,2406,503,1 2430,303,2565,503,1 2588,303,2724,503,1 2748,303,2884,503,1 2907,303,3042,503,1
D:\datasets\dataset_webpage\data\img_segment\img\78\segment\2.png 40,2,198,202,1 212,19,482,183,1 506,2,630,202,1 666,2,789,202,1 824,2,948,202,1 973,2,1131,202,1 1145,6,1415,196,1 1440,2,1564,202,1 1600,2,1721,202,1 1758,2,1882,202,1 1916,2,2040,202,1 2065,19,2335,183,1 2349,2,2510,202,1 2534,2,2658,202,1 2683,17,2953,186,1 2978,2,3102,202,1 3136,2,3260,202,1 3285,2,3440,202,1 3454,34,3724,168,1 3738,2,3950,202,1 124,266,564,466,1 801,266,1241,466,1 59,561,166,599,1 218,561,325,599,1 358,561,518,599,1 548,561,662,599,1 691,561,861,599,1 892,561,1003,599,1 1051,561,1162,599,1 1212,561,1319,599,1 1352,561,1523,599,1 1553,561,1666,599,1 1712,561,1825,599,1 1860,561,1994,599,1 2030,561,2142,599,1
D:\datasets\dataset_webpage\data\img_segment\img\78\segment\7.png 40,0,284,153,1 298,0,542,153,1 556,0,800,153,1 814,0,1058,153,1 1072,0,1316,153,1 1330,0,1574,153,1 1588,0,1832,153,1 1846,0,2090,153,1 2104,0,2348,153,1 2362,0,2606,153,1 2620,0,2864,153,1
D:\datasets\dataset_webpage\data\img_segment\img\8\segment\0.png 1160,186,1293,262,1 53,283,589,572,1 53,581,221,599,1 231,581,399,599,1 409,581,577,599,1 586,581,754,599,1 764,581,932,599,1 991,339,1034,382,1 1077,339,1120,382,1 1163,339,1206,382,1 1250,339,1293,382,1 993,483,1063,553,1 993,568,1063,599,1
D:\datasets\dataset_webpage\data\img_segment\img\8\segment\1.png 53,0,221,61,1 231,0,399,61,1 409,0,577,61,1 586,0,754,61,1 764,0,932,61,1 53,122,273,246,1 53,269,273,393,1 53,416,273,540,1 53,563,273,599,1 993,0,1063,39,1 993,53,1063,123,1
D:\datasets\dataset_webpage\data\img_segment\img\80\segment\0.png 966,9,1366,48,1 1299,99,2799,599,1 2665,99,4165,599,1 4031,99,5531,599,1 49,411,168,530,1 188,411,307,530,1 49,542,168,599,1 188,542,307,599,1 382,421,508,520,1 520,421,646,520,1 382,552,508,599,1 520,552,646,599,1 721,406,981,599,1
D:\datasets\dataset_webpage\data\img_segment\img\80\segment\5.png 40,0,206,116,1 228,0,356,116,1 386,0,516,116,1 538,0,740,116,1 754,0,941,116,1 955,0,1110,116,1 1124,0,1394,95,1 1408,0,1601,116,1 1648,0,1728,116,1 1814,0,1879,116,1 1933,0,2121,116,1 2135,0,2378,116,1 2392,0,2662,86,1 2685,0,2812,116,1 2835,0,3008,116,1 45,214,180,414,1 199,220,469,406,1 483,214,659,414,1 673,214,831,414,1 845,240,1115,387,1 1129,237,1399,389,1 1413,242,1683,384,1 1697,217,1967,409,1 1981,214,2157,414,1 2171,224,2441,403,1 2455,271,2725,355,1 124,478,564,599,1 801,478,1241,599,1
D:\datasets\dataset_webpage\data\img_segment\img\80\segment\3.png 48,0,178,188,1 199,0,367,188,1 381,14,651,159,1 705,0,770,188,1 824,0,1094,186,1 1118,0,1243,188,1 1277,0,1402,188,1 1426,1,1696,171,1 1750,0,1814,188,1 1869,10,2139,162,1 2195,0,2256,188,1 2312,23,2582,150,1 2596,3,2866,169,1 2880,9,3150,164,1 3164,34,3434,139,1 3448,33,3718,139,1 40,286,290,486,1 304,320,574,450,1 606,286,716,486,1 747,294,1017,477,1 1031,286,1231,486,1 1250,286,1386,486,1 1404,286,1593,486,1 1607,286,1785,486,1 1799,286,1982,486,1 1996,286,2239,486,1 2253,312,2523,458,1 2537,289,2807,482,1 2821,286,3004,486,1 3018,326,3288,445,1 3302,286,3551,486,1 3588,286,3687,486,1 3724,322,3994,449,1
D:\datasets\dataset_webpage\data\img_segment\img\80\segment\6.png 124,0,564,79,1 801,0,1241,79,1 56,173,170,373,1 210,173,333,373,1 369,173,492,373,1 534,173,646,373,1 687,173,810,373,1 835,173,1038,373,1 1052,173,1255,373,1 1269,173,1467,373,1 1481,173,1684,373,1 1698,173,1898,373,1
D:\datasets\dataset_webpage\data\img_segment\img\80\segment\4.png 124,220,564,420,1 801,220,1241,420,1 40,515,206,599,1 228,515,356,599,1 386,515,516,599,1 538,515,740,599,1 754,515,941,599,1 955,515,1110,599,1 1124,534,1394,599,1 1408,515,1601,599,1 1648,515,1728,599,1 1814,515,1879,599,1 1933,515,2121,599,1 2135,515,2378,599,1 2392,543,2662,599,1 2685,515,2812,599,1 2835,515,3008,599,1
D:\datasets\dataset_webpage\data\img_segment\img\80\segment\1.png 1299,0,2799,100,1 2665,0,4165,100,1 4031,0,5531,100,1 49,0,168,62,1 188,0,307,62,1 382,0,508,52,1 520,0,646,52,1 721,0,981,67,1 76,244,170,444,1 252,244,344,444,1 424,244,521,444,1 596,244,698,444,1 740,244,993,444,1 1013,244,1158,444,1 1212,244,1310,444,1 1357,244,1554,444,1 1564,244,1758,444,1 1768,244,1960,444,1 1980,244,2124,444,1 2182,244,2274,444,1 2320,244,2504,444,1 2514,244,2733,444,1 2743,244,2909,444,1
D:\datasets\dataset_webpage\data\img_segment\img\80\segment\2.png 40,28,258,228,1 272,28,458,228,1 472,28,672,228,1 686,42,956,212,1 970,28,1197,228,1 1238,28,1330,228,1 1370,54,1640,201,1 1654,28,1858,228,1 1872,28,2095,228,1 2109,28,2259,228,1 2273,42,2543,213,1 2557,28,2761,228,1 2775,28,2980,228,1 2994,28,3201,228,1 3215,28,3443,228,1 3457,28,3626,228,1 3640,28,3858,228,1 3872,28,4140,228,1 124,292,564,492,1 801,292,1241,492,1 48,587,178,599,1 199,587,367,599,1 705,587,770,599,1 824,588,1094,599,1 1118,587,1243,599,1 1277,587,1402,599,1 1750,587,1814,599,1 2195,587,2256,599,1
D:\datasets\dataset_webpage\data\img_segment\img\81\segment\0.png 490,83,513,99,1 680,83,703,99,1 961,83,984,99,1 276,128,1090,168,1 358,281,371,294,1 408,273,508,301,1 113,470,1253,599,1
D:\datasets\dataset_webpage\data\img_segment\img\81\segment\1.png 113,0,1253,145,1
D:\datasets\dataset_webpage\data\img_segment\img\83\segment\0.png 137,0,357,25,1 210,109,550,201,1
D:\datasets\dataset_webpage\data\img_segment\img\83\segment\1.png 177,422,497,522,1
D:\datasets\dataset_webpage\data\img_segment\img\83\segment\3.png 137,123,387,157,1
D:\datasets\dataset_webpage\data\img_segment\img\83\segment\2.png 177,228,497,328,1
D:\datasets\dataset_webpage\data\img_segment\img\84\segment\0.png 547,49,819,183,1
D:\datasets\dataset_webpage\data\img_segment\img\85\segment\11.png 638,0,651,11,1 638,166,651,177,1 638,314,651,325,1 638,506,651,517,1
D:\datasets\dataset_webpage\data\img_segment\img\85\segment\15.png 638,102,651,113,1 153,286,306,319,1 1064,286,1099,321,1 1102,286,1137,321,1 1140,286,1175,321,1 1178,286,1213,321,1
D:\datasets\dataset_webpage\data\img_segment\img\85\segment\6.png 834,195,903,255,1
D:\datasets\dataset_webpage\data\img_segment\img\85\segment\5.png 1039,325,1139,360,1 171,562,371,593,1 638,46,651,57,1 638,266,651,277,1 638,406,651,417,1
D:\datasets\dataset_webpage\data\img_segment\img\85\segment\9.png 493,46,506,57,1 638,210,651,221,1 638,402,651,413,1 638,568,651,579,1
D:\datasets\dataset_webpage\data\img_segment\img\85\segment\8.png 493,102,506,113,1 638,301,651,312,1 638,467,651,478,1
D:\datasets\dataset_webpage\data\img_segment\img\85\segment\7.png 638,16,651,27,1 638,182,651,193,1 638,348,651,359,1 638,514,651,525,1
D:\datasets\dataset_webpage\data\img_segment\img\85\segment\0.png 133,62,493,157,1
D:\datasets\dataset_webpage\data\img_segment\img\85\segment\12.png 493,52,506,63,1 638,242,651,253,1 638,434,651,445,1 638,592,651,599,1
D:\datasets\dataset_webpage\data\img_segment\img\85\segment\3.png 638,128,651,139,1 493,307,506,318,1 638,497,651,508,1
D:\datasets\dataset_webpage\data\img_segment\img\85\segment\14.png 638,38,651,49,1 638,230,651,241,1 638,388,651,399,1 638,536,651,547,1
D:\datasets\dataset_webpage\data\img_segment\img\85\segment\10.png 638,416,651,427,1
D:\datasets\dataset_webpage\data\img_segment\img\85\segment\4.png 144,541,244,571,1 638,29,651,40,1 410,233,419,242,1 583,233,592,242,1 756,233,765,242,1 929,233,938,242,1 1102,233,1111,242,1 1275,233,1284,242,1 1448,233,1457,242,1 1621,233,1630,242,1 853,129,878,154,1 886,129,911,154,1 896,340,913,362,1 638,480,651,491,1
D:\datasets\dataset_webpage\data\img_segment\img\85\segment\1.png 679,94,694,107,1 993,489,1173,513,1
D:\datasets\dataset_webpage\data\img_segment\img\85\segment\13.png 638,0,651,4,1 638,166,651,177,1 638,332,651,343,1 638,472,651,483,1
D:\datasets\dataset_webpage\data\img_segment\img\85\segment\2.png 1116,182,1131,192,1 638,378,651,389,1 638,544,651,555,1
D:\datasets\dataset_webpage\data\img_segment\img\86\segment\0.png 160,330,460,599,1 480,330,780,599,1 800,330,1100,599,1 1120,330,1420,599,1 158,110,222,174,1 158,229,222,293,1 243,274,783,599,1
D:\datasets\dataset_webpage\data\img_segment\img\86\segment\1.png 1330,85,1354,109,1 160,0,460,70,1 160,179,460,599,1 480,0,780,106,1 480,215,780,563,1 800,0,1100,195,1 800,304,1100,599,1 1120,0,1420,30,1 1120,139,1420,561,1 243,0,783,104,1 253,173,278,198,1 748,173,773,198,1 158,218,222,282,1 243,263,783,599,1 1330,131,1354,155,1
D:\datasets\dataset_webpage\data\img_segment\img\87\segment\0.png 966,9,1366,48,1 1366,99,2732,329,1 2665,99,4165,599,1 4031,99,5531,599,1 48,465,308,599,1 406,496,623,599,1 721,465,981,599,1
D:\datasets\dataset_webpage\data\img_segment\img\87\segment\5.png 124,0,564,200,1 801,0,1241,200,1 56,294,169,494,1 212,294,332,494,1 358,294,505,494,1 537,294,646,494,1 693,294,808,494,1 842,294,978,494,1 998,294,1140,494,1 1164,294,1292,494,1 1332,294,1440,494,1 1488,294,1602,494,1 1632,294,1832,494,1 1846,294,2004,494,1 2035,294,2146,494,1 2188,294,2311,494,1 2344,294,2472,494,1 40,593,240,599,1 254,593,454,599,1 468,593,668,599,1 682,593,882,599,1 896,593,1096,599,1 1110,593,1310,599,1 1324,593,1524,599,1 1538,593,1738,599,1 1752,593,1952,599,1 1966,593,2166,599,1 2180,593,2380,599,1 2394,593,2594,599,1 2608,593,2808,599,1 2822,593,3022,599,1 3036,593,3236,599,1
D:\datasets\dataset_webpage\data\img_segment\img\87\segment\3.png 40,0,237,162,1 251,0,448,162,1 462,0,658,162,1 672,0,869,162,1 883,0,1079,162,1 1093,0,1290,162,1 1304,0,1500,162,1 1514,0,1711,162,1 1725,0,1922,162,1 1936,0,2133,162,1 2147,0,2343,162,1 2357,0,2554,162,1 2568,0,2764,162,1 2778,0,2974,162,1 2988,0,3185,162,1 3199,0,3395,162,1 3409,0,3605,162,1 3619,0,3816,162,1 3830,0,4026,162,1 108,225,1258,548,1
D:\datasets\dataset_webpage\data\img_segment\img\87\segment\6.png 40,0,240,194,1 254,0,454,194,1 468,0,668,194,1 682,0,882,194,1 896,0,1096,194,1 1110,0,1310,194,1 1324,0,1524,194,1 1538,0,1738,194,1 1752,0,1952,194,1 1966,0,2166,194,1 2180,0,2380,194,1 2394,0,2594,194,1 2608,0,2808,194,1 2822,0,3022,194,1 3036,0,3236,194,1 124,257,564,457,1 801,257,1241,457,1 40,552,247,599,1 264,552,404,599,1 458,552,528,599,1 579,552,739,599,1 753,553,1023,599,1 1043,552,1176,599,1 1196,552,1408,599,1 1422,558,1692,599,1 1734,552,1823,599,1 1865,552,2010,599,1 2024,552,2229,599,1 2243,552,2461,599,1 2475,552,2664,599,1 2692,552,2810,599,1 2837,552,2992,599,1 3047,552,3110,599,1 3165,590,3435,599,1 3449,552,3602,599,1 3616,552,3835,599,1 3849,552,4110,599,1
D:\datasets\dataset_webpage\data\img_segment\img\87\segment\4.png 40,66,310,263,1 324,66,594,263,1 608,66,878,263,1 892,65,1043,265,1 1057,65,1309,265,1 1323,109,1593,220,1 1607,65,1843,265,1 1857,65,2086,265,1 2100,94,2370,235,1 2414,65,2500,265,1 2543,65,2773,265,1 2787,65,2938,265,1 2952,65,3103,265,1 3117,65,3315,265,1 3329,65,3595,265,1 3609,65,3809,265,1 3823,65,4006,265,1 4020,66,4290,262,1 4304,84,4574,244,1 4588,107,4858,221,1 124,599,564,599,1 801,599,1241,599,1
D:\datasets\dataset_webpage\data\img_segment\img\87\segment\1.png 2665,0,4165,100,1 4031,0,5531,100,1 48,0,308,126,1 406,0,623,75,1 721,0,981,126,1 66,303,160,503,1 199,303,345,503,1 392,303,472,503,1 554,303,628,503,1 690,303,810,503,1 862,303,956,503,1 1000,303,1136,503,1 1154,303,1352,503,1 1402,303,1476,503,1 1566,303,1629,503,1 1726,303,1787,503,1 1870,303,1961,503,1 2008,303,2141,503,1 2165,303,2302,503,1
D:\datasets\dataset_webpage\data\img_segment\img\87\segment\2.png 52,2,173,202,1 204,2,338,202,1 368,2,494,202,1 546,2,634,202,1 688,2,810,202,1 843,2,972,202,1 994,42,1264,162,1 1278,2,1434,202,1 1448,2,1607,202,1 1621,2,1778,202,1 1792,2,2043,202,1 2057,2,2278,202,1 2292,2,2451,202,1 2465,34,2735,168,1 2768,2,2876,202,1 2909,2,3052,202,1 3067,2,3264,202,1 124,266,564,466,1 801,266,1241,466,1 40,561,237,599,1 251,561,448,599,1 462,561,658,599,1 672,561,869,599,1 883,561,1079,599,1 1093,561,1290,599,1 1304,561,1500,599,1 1514,561,1711,599,1 1725,561,1922,599,1 1936,561,2133,599,1 2147,561,2343,599,1 2357,561,2554,599,1 2568,561,2764,599,1 2778,561,2974,599,1 2988,561,3185,599,1 3199,561,3395,599,1 3409,561,3605,599,1 3619,561,3816,599,1 3830,561,4026,599,1
D:\datasets\dataset_webpage\data\img_segment\img\87\segment\7.png 40,0,247,153,1 264,0,404,153,1 458,0,528,153,1 579,0,739,153,1 753,0,1023,151,1 1043,0,1176,153,1 1196,0,1408,153,1 1422,0,1692,145,1 1734,0,1823,153,1 1865,0,2010,153,1 2024,0,2229,153,1 2243,0,2461,153,1 2475,0,2664,153,1 2692,0,2810,153,1 2837,0,2992,153,1 3047,0,3110,153,1 3165,0,3435,113,1 3449,0,3602,153,1 3616,0,3835,153,1 3849,0,4110,153,1
D:\datasets\dataset_webpage\data\img_segment\img\9\segment\0.png 966,9,1366,48,1 1299,99,2799,599,1 2665,99,4165,599,1 4031,99,5531,599,1 48,406,308,599,1 419,411,470,530,1 564,411,604,530,1 423,542,466,599,1 561,542,606,599,1 718,430,844,510,1 857,441,983,500,1 718,573,844,599,1 857,550,983,599,1
D:\datasets\dataset_webpage\data\img_segment\img\9\segment\5.png 124,239,564,439,1 801,239,1241,439,1 40,534,265,599,1 275,534,489,599,1 499,534,708,599,1 718,595,988,599,1 998,534,1210,599,1 1220,534,1429,599,1 1439,534,1664,599,1 1674,534,1934,599,1 1944,534,2182,599,1 2192,534,2457,599,1 2467,534,2720,599,1 2730,534,2957,599,1 2967,534,3185,599,1 3195,534,3384,599,1 3394,534,3580,599,1 3590,575,3860,599,1 3870,534,4021,599,1 4031,534,4240,599,1 4250,534,4517,599,1 4527,534,4742,599,1
D:\datasets\dataset_webpage\data\img_segment\img\9\segment\3.png 124,0,564,107,1 801,0,1241,107,1 40,201,202,401,1 212,201,374,401,1 384,201,544,401,1 554,201,719,401,1 729,201,874,401,1 884,201,1033,401,1 1043,201,1201,401,1 1211,201,1366,401,1 1376,201,1534,401,1 1544,201,1701,401,1 1711,201,1875,401,1 1890,201,2025,401,1 2040,201,2185,401,1 2195,201,2357,401,1 2367,201,2517,401,1 2527,201,2684,401,1 2699,201,2834,401,1 2849,201,2998,401,1 3008,201,3166,401,1 3176,201,3321,401,1 108,465,1258,599,1
D:\datasets\dataset_webpage\data\img_segment\img\9\segment\6.png 40,0,265,135,1 275,0,489,135,1 499,0,708,135,1 718,0,988,73,1 998,0,1210,135,1 1220,0,1429,135,1 1439,0,1664,135,1 1674,0,1934,135,1 1944,0,2182,135,1 2192,0,2457,135,1 2467,0,2720,135,1 2730,0,2957,135,1 2967,0,3185,135,1 3195,0,3384,135,1 3394,0,3580,135,1 3590,0,3860,93,1 3870,0,4021,135,1 4031,0,4240,135,1 4250,0,4517,135,1 4527,0,4742,135,1 40,233,256,433,1 266,233,507,433,1 522,233,656,433,1 718,233,772,433,1 827,233,1079,433,1 1089,233,1319,433,1 1329,233,1567,433,1 1577,233,1845,433,1 1855,233,2052,433,1 2064,233,2205,433,1 2217,285,2487,380,1 2497,241,2767,424,1 2786,233,2913,433,1 2953,233,3056,433,1 3087,233,3313,433,1 3323,266,3593,398,1 124,497,564,599,1 801,497,1241,599,1
D:\datasets\dataset_webpage\data\img_segment\img\9\segment\4.png 108,0,1258,189,1 57,305,168,505,1 195,305,385,505,1 416,305,520,505,1 588,305,656,505,1 705,305,859,505,1 869,305,1046,505,1 1056,305,1200,505,1 1211,305,1361,505,1 1371,310,1641,499,1 1651,305,1888,505,1 1898,345,2168,465,1 2178,305,2348,505,1 2403,305,2458,505,1 2513,305,2782,505,1 2792,305,3013,505,1 3023,305,3259,505,1 3306,305,3377,505,1 3443,305,3550,505,1 3579,322,3849,486,1 3859,305,4034,505,1
D:\datasets\dataset_webpage\data\img_segment\img\9\segment\1.png 1299,0,2799,100,1 2665,0,4165,100,1 4031,0,5531,100,1 48,0,308,67,1 423,0,466,62,1 561,0,606,62,1 718,0,844,31,1 857,0,983,53,1 40,244,240,444,1 254,244,454,444,1 468,244,668,444,1 682,244,882,444,1 896,244,1096,444,1 1110,244,1310,444,1 1324,244,1524,444,1 66,543,159,599,1 232,543,304,599,1 362,543,484,599,1 505,543,713,599,1 762,543,830,599,1 892,543,1008,599,1 1033,576,1303,599,1 1318,543,1453,599,1 1468,543,1645,599,1 1655,568,1925,599,1 1935,543,2105,599,1 2115,551,2385,599,1 2404,543,2530,599,1 2550,596,2820,599,1 2830,543,3023,599,1 3042,543,3169,599,1 3215,543,3306,599,1 3356,543,3475,599,1 3533,543,3608,599,1 3653,543,3833,599,1
D:\datasets\dataset_webpage\data\img_segment\img\9\segment\2.png 66,0,159,144,1 232,0,304,144,1 362,0,484,144,1 505,0,713,144,1 762,0,830,144,1 892,0,1008,144,1 1033,0,1303,110,1 1318,0,1453,144,1 1468,0,1645,144,1 1655,0,1925,117,1 1935,0,2105,144,1 2115,0,2385,135,1 2404,0,2530,144,1 2550,0,2820,90,1 2830,0,3023,144,1 3042,0,3169,144,1 3215,0,3306,144,1 3356,0,3475,144,1 3533,0,3608,144,1 3653,0,3833,144,1 40,242,221,442,1 231,242,434,442,1 458,242,575,442,1 599,242,764,442,1 796,242,897,442,1 929,242,1113,442,1 1150,242,1242,442,1 1320,242,1380,442,1 1433,242,1595,442,1 1605,242,1789,442,1 1799,242,1954,442,1 1964,242,2218,442,1 2228,242,2398,442,1 2408,242,2646,442,1 2656,242,2863,442,1 2888,242,3003,442,1 3028,242,3208,442,1 3218,242,3427,442,1 3437,242,3636,442,1 3646,242,3909,442,1 124,506,564,599,1 801,506,1241,599,1
D:\datasets\dataset_webpage\data\img_segment\img\9\segment\7.png 124,0,564,98,1 801,0,1241,98,1 79,192,146,392,1 223,192,312,392,1 350,230,620,352,1 664,192,741,392,1 785,224,1055,360,1 1072,192,1202,392,1 1251,192,1334,392,1 1410,192,1484,392,1 1564,192,1641,392,1 1685,213,1955,369,1
D:\datasets\dataset_webpage\data\img_segment\img\90\segment\0.png 547,49,819,183,1
D:\datasets\dataset_webpage\data\img_segment\img\91\segment\11.png 59,0,675,78,1 691,0,1307,78,1 59,94,464,322,1 480,94,885,322,1 902,94,1307,322,1
D:\datasets\dataset_webpage\data\img_segment\img\91\segment\6.png 59,51,1307,599,1
D:\datasets\dataset_webpage\data\img_segment\img\91\segment\5.png 59,121,675,467,1 691,121,1307,467,1
D:\datasets\dataset_webpage\data\img_segment\img\91\segment\9.png 480,0,744,3,1 761,0,1025,3,1 1042,0,1306,3,1 480,126,744,275,1 761,126,1025,275,1 1042,126,1306,275,1 91,44,147,100,1 91,164,147,220,1 91,284,147,340,1 59,477,675,599,1 691,477,1307,599,1
D:\datasets\dataset_webpage\data\img_segment\img\91\segment\8.png 480,0,1306,438,1 480,453,744,599,1 761,453,1025,599,1 1042,453,1306,599,1 91,44,147,100,1 91,164,147,220,1 91,284,147,340,1 91,404,147,460,1 91,524,147,580,1
D:\datasets\dataset_webpage\data\img_segment\img\91\segment\7.png 59,0,1307,152,1 91,224,275,327,1 491,224,675,327,1 891,224,1075,327,1 1291,224,1475,327,1 1691,224,1875,327,1 480,572,1306,599,1
D:\datasets\dataset_webpage\data\img_segment\img\91\segment\0.png 59,238,675,584,1 691,238,991,407,1 1007,238,1307,407,1 691,414,991,583,1 1007,414,1307,583,1
D:\datasets\dataset_webpage\data\img_segment\img\91\segment\3.png 59,0,464,9,1 480,0,885,9,1 902,0,1307,9,1 0,0,1366,140,1 59,216,885,599,1
D:\datasets\dataset_webpage\data\img_segment\img\91\segment\10.png 59,0,675,224,1 691,0,1307,224,1 59,331,675,599,1 691,331,1307,599,1
D:\datasets\dataset_webpage\data\img_segment\img\91\segment\4.png 59,0,885,82,1 59,97,323,246,1 340,97,604,246,1 621,97,885,246,1 59,370,323,519,1 340,370,604,519,1 621,370,885,519,1
D:\datasets\dataset_webpage\data\img_segment\img\91\segment\1.png 59,68,323,217,1 340,68,604,217,1 621,68,885,217,1 59,381,323,530,1 340,381,604,530,1 621,381,885,530,1
D:\datasets\dataset_webpage\data\img_segment\img\91\segment\2.png 59,160,115,216,1 175,160,231,216,1 291,160,347,216,1 407,160,463,216,1 59,380,464,599,1 480,380,885,599,1 902,380,1307,599,1 0,256,1366,599,1
D:\datasets\dataset_webpage\data\img_segment\img\92\segment\0.png 135,7,280,31,1 896,15,914,33,1 158,454,254,550,1
D:\datasets\dataset_webpage\data\img_segment\img\92\segment\5.png 138,0,401,67,1 417,0,680,67,1 696,0,959,67,1 975,0,1238,67,1 1254,0,1517,67,1 1533,0,1796,67,1
D:\datasets\dataset_webpage\data\img_segment\img\92\segment\3.png 133,0,672,151,1 687,0,1226,151,1
D:\datasets\dataset_webpage\data\img_segment\img\92\segment\4.png 138,469,401,599,1 417,469,680,599,1 696,469,959,599,1 975,469,1238,599,1 1254,469,1517,599,1 1533,469,1796,599,1
D:\datasets\dataset_webpage\data\img_segment\img\92\segment\1.png 133,77,340,257,1 356,77,563,257,1 579,77,786,257,1 803,77,1010,257,1 1026,77,1233,257,1 1249,77,1456,257,1 1472,77,1679,257,1 1695,77,1902,257,1 1918,77,2125,257,1 2142,77,2349,257,1 2365,77,2572,257,1 2588,77,2795,257,1 2811,77,3018,257,1 3034,77,3241,257,1 3258,77,3465,257,1 3481,77,3688,257,1 3704,77,3911,257,1 3927,77,4134,257,1 4150,77,4357,257,1 4374,77,4581,257,1 4597,77,4804,257,1 4820,77,5027,257,1 5043,77,5250,257,1 158,416,254,512,1
D:\datasets\dataset_webpage\data\img_segment\img\92\segment\2.png 133,95,487,415,1 502,95,856,415,1 871,95,1225,415,1 133,430,672,599,1 687,430,1226,599,1
D:\datasets\dataset_webpage\data\img_segment\img\92\segment\7.png 328,396,419,422,1 462,396,553,422,1 596,396,675,422,1 718,396,788,422,1 831,396,940,422,1 983,396,1078,422,1
D:\datasets\dataset_webpage\data\img_segment\img\93\segment\3.png 626,0,786,78,1 447,394,573,599,1 577,394,703,599,1 707,394,833,599,1
D:\datasets\dataset_webpage\data\img_segment\img\93\segment\6.png 736,563,1195,599,1
D:\datasets\dataset_webpage\data\img_segment\img\93\segment\4.png 447,0,573,43,1 577,0,703,43,1 707,0,833,43,1
D:\datasets\dataset_webpage\data\img_segment\img\93\segment\8.png 736,0,1195,298,1
D:\datasets\dataset_webpage\data\img_segment\img\93\segment\7.png 736,0,1195,423,1 736,438,1195,599,1
D:\datasets\dataset_webpage\data\img_segment\img\93\segment\2.png 626,517,786,599,1
D:\datasets\dataset_webpage\data\img_segment\img\95\segment\0.png 390,27,976,284,1
D:\datasets\dataset_webpage\data\img_segment\img\96\segment\11.png 59,0,675,78,1 691,0,1307,78,1 59,94,464,322,1 480,94,885,322,1 902,94,1307,322,1
D:\datasets\dataset_webpage\data\img_segment\img\96\segment\6.png 59,51,1307,599,1
D:\datasets\dataset_webpage\data\img_segment\img\96\segment\5.png 59,121,675,467,1 691,121,1307,467,1
D:\datasets\dataset_webpage\data\img_segment\img\96\segment\9.png 480,0,744,3,1 761,0,1025,3,1 1042,0,1306,3,1 480,126,744,275,1 761,126,1025,275,1 1042,126,1306,275,1 91,44,147,100,1 91,164,147,220,1 91,284,147,340,1 59,477,675,599,1 691,477,1307,599,1
D:\datasets\dataset_webpage\data\img_segment\img\96\segment\8.png 480,0,1306,438,1 480,453,744,599,1 761,453,1025,599,1 1042,453,1306,599,1 91,44,147,100,1 91,164,147,220,1 91,284,147,340,1 91,404,147,460,1 91,524,147,580,1
D:\datasets\dataset_webpage\data\img_segment\img\96\segment\7.png 59,0,1307,154,1 91,224,275,327,1 491,224,675,327,1 891,224,1075,327,1 1291,224,1475,327,1 1691,224,1875,327,1 480,572,1306,599,1
D:\datasets\dataset_webpage\data\img_segment\img\96\segment\0.png 59,238,675,584,1 691,238,991,407,1 1007,238,1307,407,1 691,414,991,583,1 1007,414,1307,583,1
D:\datasets\dataset_webpage\data\img_segment\img\96\segment\3.png 59,0,464,9,1 480,0,885,9,1 902,0,1307,9,1 0,0,1366,140,1 59,216,885,599,1
D:\datasets\dataset_webpage\data\img_segment\img\96\segment\10.png 59,0,675,224,1 691,0,1307,224,1 59,331,675,599,1 691,331,1307,599,1
D:\datasets\dataset_webpage\data\img_segment\img\96\segment\4.png 59,0,885,82,1 59,97,323,246,1 340,97,604,246,1 621,97,885,246,1 59,370,323,519,1 340,370,604,519,1 621,370,885,519,1
D:\datasets\dataset_webpage\data\img_segment\img\96\segment\1.png 59,68,323,217,1 340,68,604,217,1 621,68,885,217,1 59,381,323,530,1 340,381,604,530,1 621,381,885,530,1
D:\datasets\dataset_webpage\data\img_segment\img\96\segment\2.png 59,160,115,216,1 175,160,231,216,1 291,160,347,216,1 407,160,463,216,1 59,380,464,599,1 480,380,885,599,1 902,380,1307,599,1 0,256,1366,599,1
D:\datasets\dataset_webpage\data\img_segment\img\97\segment\0.png 547,49,819,183,1
D:\datasets\dataset_webpage\data\img_segment\img\98\segment\0.png 464,275,494,305,1
D:\datasets\dataset_webpage\data\img_segment\img\98\segment\1.png 588,172,726,198,1
D:\datasets\dataset_webpage\data\img_segment\img\99\segment\0.png 43,385,203,485,1 205,385,365,485,1 369,385,529,485,1 532,385,692,485,1 694,385,854,485,1 859,385,1019,485,1 1021,385,1181,485,1 1186,385,1346,485,1 1348,385,1508,485,1 1512,385,1672,485,1 1675,385,1835,485,1 1837,385,1997,485,1 1999,385,2159,485,1 2163,385,2323,485,1 2326,385,2486,485,1 2489,385,2649,485,1 2651,385,2811,485,1 2813,385,2973,485,1 2975,385,3135,485,1 3139,385,3299,485,1 3302,385,3462,485,1 3465,385,3625,485,1 3627,385,3787,485,1 3789,385,3949,485,1 3953,385,4113,485,1 4116,385,4276,485,1 4278,385,4438,485,1 4440,385,4600,485,1 4602,385,4762,485,1 544,385,823,485,1 262,501,432,599,1 471,501,641,599,1 680,501,850,599,1 889,501,1059,599,1 27,501,197,599,1 1124,501,1339,599,1
D:\datasets\dataset_webpage\data\img_segment\img\99\segment\3.png 242,68,342,168,1 363,68,463,168,1 483,68,583,168,1 603,68,703,168,1 724,68,824,168,1 844,68,944,168,1 965,68,1065,168,1 242,370,372,500,1 383,370,513,500,1 523,370,653,500,1 664,370,794,500,1 804,370,934,500,1 945,370,1075,500,1
D:\datasets\dataset_webpage\data\img_segment\img\99\segment\9.png 413,0,953,82,1
D:\datasets\dataset_webpage\data\img_segment\img\99\segment\6.png 63,270,237,300,1 63,306,237,480,1 276,270,450,300,1 276,306,450,480,1 490,270,664,300,1 490,306,664,480,1 704,270,878,300,1 704,306,878,480,1 918,270,1092,300,1 918,306,1092,480,1 1131,270,1305,300,1 1131,306,1305,480,1
D:\datasets\dataset_webpage\data\img_segment\img\99\segment\4.png 242,20,392,125,1 280,196,303,226,1 303,197,308,226,1 308,196,331,226,1 331,196,354,226,1 354,196,377,226,1 377,211,392,226,1 411,20,561,125,1 449,196,472,226,1 472,197,477,226,1 477,196,500,226,1 500,196,523,226,1 523,196,546,226,1 546,211,561,226,1 579,20,729,125,1 645,196,668,226,1 668,196,691,226,1 691,196,714,226,1 714,211,729,226,1 748,20,898,125,1 786,196,809,226,1 809,197,814,226,1 814,196,837,226,1 837,196,860,226,1 860,196,883,226,1 883,211,898,226,1 917,20,1067,125,1 955,196,978,226,1 978,197,983,226,1 983,196,1006,226,1 1006,196,1029,226,1 1029,196,1052,226,1 1052,211,1067,226,1 242,329,342,429,1 363,329,463,429,1 483,329,583,429,1 603,329,703,429,1 724,329,824,429,1 844,329,944,429,1 965,329,1065,429,1
D:\datasets\dataset_webpage\data\img_segment\img\99\segment\8.png 413,567,953,599,1
D:\datasets\dataset_webpage\data\img_segment\img\99\segment\1.png 262,0,432,72,1 471,0,641,72,1 680,0,850,72,1 889,0,1059,72,1 242,224,372,354,1 247,359,367,407,1 383,224,513,354,1 388,359,508,407,1 523,224,653,354,1 528,359,648,407,1 664,224,794,354,1 669,359,789,407,1 804,224,934,354,1 809,359,929,407,1 945,224,1075,354,1 950,359,1070,407,1 242,549,381,579,1 242,594,412,599,1 411,594,581,599,1 579,594,749,599,1 748,594,918,599,1 917,594,1087,599,1 27,0,197,32,1 1124,0,1339,47,1 1124,56,1339,201,1 1124,211,1339,301,1 1161,358,1301,498,1 1124,556,1339,599,1
D:\datasets\dataset_webpage\data\img_segment\img\99\segment\2.png 242,0,412,165,1 411,0,581,165,1 579,0,749,165,1 748,0,918,165,1 917,0,1087,165,1 240,319,353,349,1 354,319,467,349,1 468,319,581,349,1 582,319,695,349,1 696,319,809,349,1 810,319,923,349,1 924,319,1037,349,1 242,354,261,373,1 246,412,341,507,1 245,559,255,569,1 255,559,265,569,1 265,559,275,569,1 275,559,285,569,1 285,559,295,569,1 352,412,447,507,1 351,559,361,569,1 361,559,371,569,1 371,559,381,569,1 381,559,391,569,1 391,559,401,569,1 458,412,553,507,1 457,559,467,569,1 467,559,477,569,1 477,559,487,569,1 487,559,497,569,1 497,559,507,569,1 564,412,659,507,1 563,559,573,569,1 573,559,583,569,1 583,559,593,569,1 593,559,603,569,1 603,559,613,569,1 670,412,765,507,1 669,559,679,569,1 679,559,689,569,1 689,559,699,569,1 699,559,709,569,1 709,559,719,569,1 776,412,871,507,1 775,559,785,569,1 785,559,795,569,1 795,559,805,569,1 805,559,815,569,1 815,559,825,569,1 882,412,977,507,1 881,559,891,569,1 891,559,901,569,1 901,559,911,569,1 911,559,921,569,1 921,559,931,569,1 988,412,1083,507,1 987,559,997,569,1 997,559,1007,569,1 1007,559,1017,569,1 1017,559,1027,569,1 1027,559,1037,569,1 1124,0,1339,172,1
D:\datasets\dataset_webpage\data\img_segment\img\99\segment\7.png 932,46,1060,84,1 1063,26,1129,93,1 1136,46,1264,84,1 1268,26,1334,93,1
