D:\datasets\dataset_webpage\data\img_segment\img\0\segment\0.png 547,49,819,183,0
D:\datasets\dataset_webpage\data\img_segment\img\1\segment\0.png 31,218,51,238,0 31,246,51,266,0 31,274,51,294,0 31,302,51,322,0 31,330,51,350,0 31,358,51,378,0 31,386,51,406,0 31,414,51,434,0 288,535,484,599,0 494,535,690,599,0 700,535,896,599,0 906,535,1102,599,0 1112,535,1308,599,0 1318,535,1514,599,0 1524,535,1720,599,0 1730,535,1926,599,0 1936,535,2132,599,0 2142,535,2338,599,0 2348,535,2544,599,0 2554,535,2750,599,0 2760,535,2956,599,0 2966,535,3162,599,0 3172,535,3368,599,0
D:\datasets\dataset_webpage\data\img_segment\img\1\segment\2.png 288,3,484,113,0 494,3,690,113,0 700,3,896,113,0 906,3,1102,113,0 1112,3,1308,113,0 1318,3,1514,113,0 1524,3,1720,113,0 288,211,308,231,0 288,241,484,351,0 494,241,690,351,0 700,241,896,351,0 906,241,1102,351,0 1112,241,1308,351,0 1318,241,1514,351,0 1524,241,1720,351,0 1730,241,1926,351,0 1936,241,2132,351,0 2142,241,2338,351,0 2348,241,2544,351,0 2554,241,2750,351,0 288,449,308,469,0 288,479,484,589,0 494,479,690,589,0 700,479,896,589,0 906,479,1102,589,0 1112,479,1308,589,0 1318,479,1514,589,0 1524,479,1720,589,0 1730,479,1926,589,0 1936,479,2132,589,0 2142,479,2338,589,0 2348,479,2544,589,0 2554,479,2750,589,0
D:\datasets\dataset_webpage\data\img_segment\img\1\segment\3.png 288,106,308,126,0 288,136,484,246,0 494,136,690,246,0 700,136,896,246,0 906,136,1102,246,0 1112,136,1308,246,0 1318,136,1514,246,0 1524,136,1720,246,0 1730,136,1926,246,0 1936,136,2132,246,0 2142,136,2338,246,0 288,344,308,364,0 288,374,484,484,0 494,374,690,484,0 700,374,896,484,0 906,374,1102,484,0 1112,374,1308,484,0 1318,374,1514,484,0 1524,374,1720,484,0 1730,374,1926,484,0 1936,374,2132,484,0
D:\datasets\dataset_webpage\data\img_segment\img\1\segment\1.png 288,0,484,46,0 494,0,690,46,0 700,0,896,46,0 906,0,1102,46,0 1112,0,1308,46,0 1318,0,1514,46,0 1524,0,1720,46,0 1730,0,1926,46,0 1936,0,2132,46,0 2142,0,2338,46,0 2348,0,2544,46,0 2554,0,2750,46,0 2760,0,2956,46,0 2966,0,3162,46,0 3172,0,3368,46,0 288,162,308,182,0 288,192,484,302,0 288,335,308,355,0 288,365,484,475,0 494,365,690,475,0 700,365,896,475,0 906,365,1102,475,0 1112,365,1308,475,0 1318,365,1514,475,0 1524,365,1720,475,0 1730,365,1926,475,0 288,573,308,593,0
D:\datasets\dataset_webpage\data\img_segment\img\11\segment\4.png 93,0,413,16,0 93,60,248,163,0 258,60,413,163,0 988,4,1018,34,0 1218,4,1248,34,0 988,70,1018,100,0 1218,70,1248,100,0 988,136,1018,166,0 1218,136,1248,166,0 93,430,413,599,0 1002,448,1222,568,0
D:\datasets\dataset_webpage\data\img_segment\img\11\segment\13.png 109,301,291,392,0 307,301,489,392,0 549,301,731,392,0 747,301,929,392,0 973,0,1273,246,0
D:\datasets\dataset_webpage\data\img_segment\img\11\segment\12.png 93,258,943,358,0 109,444,291,535,0 307,444,489,535,0 549,444,731,535,0 747,444,929,535,0 973,69,1273,319,0 973,595,1273,599,0
D:\datasets\dataset_webpage\data\img_segment\img\11\segment\8.png 93,0,248,36,0 258,0,413,36,0 109,299,291,390,0 307,299,489,390,0 549,299,731,390,0 747,299,929,390,0
D:\datasets\dataset_webpage\data\img_segment\img\11\segment\14.png 93,92,1273,192,0 179,262,209,294,0 324,262,352,294,0 469,262,503,294,0 614,262,640,294,0 759,262,789,294,0 904,262,934,294,0 1049,262,1095,294,0 114,366,134,386,0
D:\datasets\dataset_webpage\data\img_segment\img\11\segment\9.png 109,156,291,247,0 307,156,489,247,0 549,156,731,247,0 747,156,929,247,0 178,569,448,599,0 448,569,718,599,0 718,569,988,599,0 988,569,1258,599,0 1258,569,1528,599,0 1528,569,1798,599,0 1798,569,2068,599,0
D:\datasets\dataset_webpage\data\img_segment\img\11\segment\6.png 93,0,248,100,0 258,0,413,100,0 93,366,413,579,0 988,359,1118,445,0 1128,359,1258,445,0 988,482,1118,568,0 1128,482,1258,568,0
D:\datasets\dataset_webpage\data\img_segment\img\11\segment\5.png 93,0,413,44,0 93,88,248,191,0 258,88,413,191,0 93,338,413,551,0 93,596,248,599,0 258,596,413,599,0
D:\datasets\dataset_webpage\data\img_segment\img\11\segment\0.png 93,215,1123,315,0 93,335,412,548,0 413,335,732,548,0 733,335,1052,548,0 93,558,248,599,0 258,558,413,599,0 998,427,1088,487,0 998,556,1088,599,0
D:\datasets\dataset_webpage\data\img_segment\img\11\segment\11.png 109,0,291,91,0 307,0,489,91,0 549,0,731,91,0 747,0,929,91,0 109,457,291,548,0 307,457,489,548,0 549,457,731,548,0 747,457,929,548,0 973,0,1273,156,0 988,219,1258,354,0
D:\datasets\dataset_webpage\data\img_segment\img\11\segment\7.png 93,24,248,127,0 258,24,413,127,0 990,42,1024,76,0 1130,42,1164,76,0 990,91,1024,125,0 1130,91,1164,125,0 93,274,413,487,0 93,532,248,599,0 258,532,413,599,0
D:\datasets\dataset_webpage\data\img_segment\img\11\segment\2.png 93,10,248,113,0 258,10,413,113,0 93,300,668,400,0 698,300,1273,400,0 93,494,413,599,0 718,492,848,578,0 858,492,988,578,0 988,492,1118,578,0 1128,492,1258,578,0 1258,492,1388,578,0 1398,492,1528,578,0 1528,492,1658,578,0 1668,492,1798,578,0
D:\datasets\dataset_webpage\data\img_segment\img\11\segment\3.png 93,0,413,108,0 93,152,248,255,0 258,152,413,255,0 93,402,413,599,0 988,406,1018,436,0 1218,406,1248,436,0 988,472,1018,502,0 1218,472,1248,502,0 988,538,1018,568,0 1218,538,1248,568,0
D:\datasets\dataset_webpage\data\img_segment\img\11\segment\1.png 93,0,248,62,0 258,0,413,62,0 93,128,248,231,0 258,128,413,231,0 93,336,413,496,0 998,0,1088,17,0 998,13,1088,73,0 998,70,1088,130,0 998,127,1088,187,0 998,184,1088,244,0 973,197,1273,447,0 988,509,1078,569,0
D:\datasets\dataset_webpage\data\img_segment\img\11\segment\10.png 109,13,291,104,0 307,13,489,104,0 549,13,731,104,0 747,13,929,104,0 178,0,448,105,0 448,0,718,105,0 718,0,988,105,0 988,0,1258,105,0 1258,0,1528,105,0 1528,0,1798,105,0 1798,0,2068,105,0 988,119,1078,179,0 988,194,1078,254,0 988,269,1078,329,0 988,344,1078,404,0 988,419,1078,479,0 973,505,1273,599,0
D:\datasets\dataset_webpage\data\img_segment\img\13\segment\5.png 839,0,1127,4,0
D:\datasets\dataset_webpage\data\img_segment\img\13\segment\4.png 839,52,1127,599,0
D:\datasets\dataset_webpage\data\img_segment\img\13\segment\3.png 203,0,683,194,0
D:\datasets\dataset_webpage\data\img_segment\img\13\segment\2.png 738,0,1115,260,0 203,515,683,599,0
D:\datasets\dataset_webpage\data\img_segment\img\13\segment\0.png 68,1,176,24,0
D:\datasets\dataset_webpage\data\img_segment\img\13\segment\1.png 163,73,931,518,0 738,273,1115,599,0
D:\datasets\dataset_webpage\data\img_segment\img\13\segment\6.png 372,2,541,52,0 597,2,771,52,0 827,2,994,52,0 68,186,176,215,0
D:\datasets\dataset_webpage\data\img_segment\img\14\segment\0.png 422,129,662,556,0 422,129,662,556,0 422,208,662,599,0 422,208,662,599,0 422,208,662,599,0
D:\datasets\dataset_webpage\data\img_segment\img\14\segment\1.png 422,0,662,36,0 422,0,662,36,0 422,0,662,36,0 746,152,882,192,0 890,152,1024,192,0
D:\datasets\dataset_webpage\data\img_segment\img\15\segment\4.png 184,0,382,7,0 384,0,582,7,0 584,0,782,7,0 784,0,982,7,0 984,0,1182,7,0 1184,0,1382,7,0 1384,0,1582,7,0 1584,0,1782,7,0 1784,0,1982,7,0 1984,0,2182,7,0 2184,0,2382,7,0 2384,0,2582,7,0 2584,0,2782,7,0 2784,0,2982,7,0 2984,0,3182,7,0 3184,0,3382,7,0 3384,0,3582,7,0 3584,0,3782,7,0 3784,0,3982,7,0 3984,0,4182,7,0 184,75,382,207,0 384,75,582,207,0 584,75,782,207,0 785,75,981,207,0 1044,75,1122,207,0 1184,75,1382,207,0 1384,75,1582,207,0 1634,75,1733,207,0 1784,75,1982,207,0 1984,75,2182,207,0 2184,75,2382,207,0 2384,75,2582,207,0 2584,75,2782,207,0 2785,75,2981,207,0 3044,75,3122,207,0 33,130,213,217,0 213,130,393,217,0 393,130,573,217,0 573,130,753,217,0 753,130,933,217,0 933,130,1113,217,0 1113,130,1293,217,0 1293,130,1473,217,0 444,151,549,221,0 824,151,929,221,0 183,527,1183,599,0
D:\datasets\dataset_webpage\data\img_segment\img\15\segment\13.png 183,37,1183,127,0 183,37,201,55,0 183,226,293,276,0 294,226,403,276,0 404,226,513,276,0 514,226,623,276,0 624,226,729,276,0 730,226,853,276,0 854,226,965,276,0 966,226,1073,276,0 1074,226,1181,276,0
D:\datasets\dataset_webpage\data\img_segment\img\15\segment\12.png 184,4,510,167,0 522,4,627,82,0 522,89,627,167,0 745,4,850,82,0 745,89,850,167,0 968,4,1073,82,0 968,89,1073,167,0 1195,4,1521,167,0 1533,4,1638,82,0 1533,89,1638,167,0 1756,4,1861,82,0 1756,89,1861,167,0 1979,4,2084,82,0 1979,89,2084,167,0 2206,4,2532,167,0 2544,4,2649,82,0 2544,89,2649,167,0 2767,4,2872,82,0 2767,89,2872,167,0 2990,4,3095,82,0 2990,89,3095,167,0 3217,4,3543,167,0 3555,4,3660,82,0 3555,89,3660,167,0 3778,4,3883,82,0 3778,89,3883,167,0 4001,4,4106,82,0 4001,89,4106,167,0 4228,4,4554,167,0 4566,4,4671,82,0 4566,89,4671,167,0 4789,4,4894,82,0 4789,89,4894,167,0 5012,4,5117,82,0 5012,89,5117,167,0 183,266,509,449,0 520,266,846,449,0 857,266,1183,449,0 1194,266,1520,449,0 1531,266,1857,449,0 1868,266,2194,449,0 2205,266,2531,449,0 2542,266,2868,449,0 2879,266,3205,449,0 3216,266,3542,449,0 3553,266,3879,449,0 3890,266,4216,449,0
D:\datasets\dataset_webpage\data\img_segment\img\15\segment\8.png 194,0,412,25,0 444,132,549,202,0 824,132,929,202,0 33,500,213,587,0 213,500,393,587,0 393,500,573,587,0 573,500,753,587,0 753,500,933,587,0 933,500,1113,587,0 1113,500,1293,587,0 1293,500,1473,587,0 444,524,549,594,0 824,524,929,594,0
D:\datasets\dataset_webpage\data\img_segment\img\15\segment\9.png 183,26,423,226,0 194,417,414,577,0 444,444,549,514,0 824,444,929,514,0
D:\datasets\dataset_webpage\data\img_segment\img\15\segment\6.png 33,25,213,112,0 213,25,393,112,0 393,25,573,112,0 573,25,753,112,0 753,25,933,112,0 933,25,1113,112,0 1113,25,1293,112,0 1293,25,1473,112,0 183,151,423,351,0 444,49,549,119,0 824,49,929,119,0 194,537,412,599,0 444,594,549,599,0 824,594,929,599,0
D:\datasets\dataset_webpage\data\img_segment\img\15\segment\5.png 183,0,1183,18,0 192,88,410,248,0 444,112,549,182,0 444,468,549,538,0 824,112,929,182,0 824,468,929,538,0
D:\datasets\dataset_webpage\data\img_segment\img\15\segment\0.png 232,370,302,387,0 1,387,301,599,0 301,387,601,599,0 805,72,837,104,0 183,251,1183,341,0 669,403,789,435,0 444,463,549,533,0 570,463,675,533,0 696,463,801,533,0
D:\datasets\dataset_webpage\data\img_segment\img\15\segment\11.png 183,0,423,164,0 194,238,259,303,0 444,239,549,309,0 824,239,929,309,0
D:\datasets\dataset_webpage\data\img_segment\img\15\segment\7.png 194,0,412,99,0 183,121,423,321,0 444,0,549,65,0 824,0,929,65,0 194,384,412,599,0
D:\datasets\dataset_webpage\data\img_segment\img\15\segment\2.png 192,160,297,230,0 183,340,423,540,0 444,180,549,250,0 824,180,929,250,0 824,287,929,357,0
D:\datasets\dataset_webpage\data\img_segment\img\15\segment\3.png 194,7,412,168,0 444,64,549,134,0 824,64,927,132,0 184,474,382,599,0 384,474,582,599,0 584,474,782,599,0 784,474,982,599,0 984,474,1182,599,0 1184,474,1382,599,0 1384,474,1582,599,0 1584,474,1782,599,0 1784,474,1982,599,0 1984,474,2182,599,0 2184,474,2382,599,0 2384,474,2582,599,0 2584,474,2782,599,0 2784,474,2982,599,0 2984,474,3182,599,0 3184,474,3382,599,0 3384,474,3582,599,0 3584,474,3782,599,0 3784,474,3982,599,0 3984,474,4182,599,0
D:\datasets\dataset_webpage\data\img_segment\img\15\segment\1.png 1,0,301,168,0 301,0,601,168,0 114,179,184,326,0 230,289,346,369,0 677,264,775,398,0 788,365,818,395,0 1148,289,1264,369,0 443,134,548,224,0 443,239,548,329,0
D:\datasets\dataset_webpage\data\img_segment\img\15\segment\10.png 184,209,382,341,0 384,209,582,341,0 584,209,782,341,0 784,209,982,341,0 984,209,1182,341,0 183,413,423,599,0 444,470,549,540,0 824,470,929,540,0
D:\datasets\dataset_webpage\data\img_segment\img\16\segment\5.png 298,14,418,84,0 298,104,418,174,0
D:\datasets\dataset_webpage\data\img_segment\img\16\segment\4.png 298,344,418,414,0 298,434,418,504,0 298,524,418,594,0
D:\datasets\dataset_webpage\data\img_segment\img\16\segment\7.png 118,21,132,35,0 218,21,232,35,0 318,21,332,35,0 118,59,132,73,0 218,59,232,73,0 118,154,132,168,0 218,154,232,168,0 471,263,548,340,0
D:\datasets\dataset_webpage\data\img_segment\img\16\segment\3.png 98,0,256,75,0 269,14,289,34,0
D:\datasets\dataset_webpage\data\img_segment\img\16\segment\2.png 98,24,256,182,0 269,110,289,130,0 98,147,256,305,0 269,245,289,265,0 98,270,256,428,0 269,356,289,376,0 98,393,256,551,0 269,489,289,509,0 98,516,256,599,0
D:\datasets\dataset_webpage\data\img_segment\img\16\segment\0.png 98,66,758,366,0 758,66,1418,412,0 1418,66,2078,412,0 2078,66,2738,412,0 2738,66,3398,412,0 3398,66,4058,366,0 98,358,256,516,0 269,456,289,476,0 98,481,256,599,0 269,567,289,587,0
D:\datasets\dataset_webpage\data\img_segment\img\16\segment\1.png 98,0,256,40,0 98,38,256,196,0 265,38,423,196,0 432,38,590,196,0 599,38,757,196,0 98,178,118,198,0 98,191,256,349,0 269,277,289,297,0 98,348,256,506,0 265,348,423,506,0 432,376,590,478,0 599,348,757,506,0 98,488,118,508,0
D:\datasets\dataset_webpage\data\img_segment\img\16\segment\6.png 118,13,132,27,0 218,13,232,27,0 318,13,332,27,0 118,51,132,65,0 218,51,232,65,0 118,146,132,160,0 218,146,232,160,0 318,146,332,160,0 118,184,132,198,0 218,184,232,198,0 318,184,332,198,0 118,222,132,236,0 218,222,232,236,0 318,222,332,236,0 118,260,132,274,0 218,260,232,274,0 318,260,332,274,0 118,298,132,312,0 218,298,232,312,0 318,298,332,312,0 118,336,132,350,0 118,431,132,445,0 218,431,232,445,0 318,431,332,445,0 118,469,132,483,0 218,469,232,483,0 318,469,332,483,0 118,507,132,521,0 218,507,232,521,0 318,507,332,521,0 118,545,132,559,0 218,545,232,559,0 318,545,332,559,0 118,583,132,597,0 218,583,232,597,0 318,583,332,597,0
D:\datasets\dataset_webpage\data\img_segment\img\17\segment\0.png 590,206,632,221,0 288,261,878,599,0 288,261,878,599,0 288,261,878,599,0 288,261,878,599,0 288,261,878,599,0 288,261,878,599,0 288,261,878,599,0 288,261,878,599,0 888,261,1078,411,0 888,421,1078,571,0 888,581,1078,599,0 1154,256,1209,311,0 88,261,878,599,0
D:\datasets\dataset_webpage\data\img_segment\img\17\segment\1.png 288,0,878,132,0 288,0,878,132,0 288,0,878,132,0 288,0,878,132,0 288,0,878,132,0 288,0,878,132,0 288,0,878,132,0 288,0,878,132,0 888,0,1078,132,0 88,0,878,132,0 308,201,448,341,0 508,201,648,341,0 708,201,848,341,0 908,201,1048,341,0 4308,201,4448,341,0 4508,201,4648,341,0 4708,201,4848,341,0 4908,201,5048,341,0 933,197,1063,327,0 1113,197,1243,327,0 1145,314,1211,344,0 1293,197,1423,327,0 1473,197,1603,327,0 1505,314,1571,344,0
D:\datasets\dataset_webpage\data\img_segment\img\18\segment\5.png 587,129,607,149,0
D:\datasets\dataset_webpage\data\img_segment\img\18\segment\4.png 64,0,362,84,0 377,0,675,84,0 690,0,988,84,0 1003,0,1301,84,0 1033,428,1153,548,0 1183,428,1303,548,0
D:\datasets\dataset_webpage\data\img_segment\img\18\segment\3.png 94,0,154,31,0 397,0,457,31,0 879,0,969,44,0 1183,0,1273,44,0 64,513,362,599,0 377,513,675,599,0 690,513,988,599,0 1003,513,1301,599,0
D:\datasets\dataset_webpage\data\img_segment\img\18\segment\2.png 88,0,188,10,0 513,0,613,10,0 938,0,1038,10,0 94,147,154,207,0 397,147,457,207,0 94,288,154,348,0 397,288,457,348,0 94,429,154,489,0 397,429,457,489,0 94,570,154,599,0 397,570,457,599,0 88,107,769,388,0 696,107,1377,388,0 1304,107,1985,388,0 1912,107,2593,388,0 879,412,969,502,0 1183,412,1273,502,0 879,553,969,599,0 1183,553,1273,599,0
D:\datasets\dataset_webpage\data\img_segment\img\18\segment\0.png 0,0,1366,43,0 305,90,440,134,0 13,238,1353,599,0 671,526,687,542,0 13,238,1353,599,0 13,238,1353,599,0 13,238,1353,599,0 1353,238,2693,599,0 1353,238,2693,599,0 2693,238,4033,599,0 2693,238,4033,599,0 2693,238,4033,599,0 2693,238,4033,599,0 2693,238,4033,599,0
D:\datasets\dataset_webpage\data\img_segment\img\18\segment\1.png 13,0,1353,30,0 13,0,1353,30,0 13,0,1353,30,0 13,0,1353,30,0 1353,0,2693,30,0 1353,0,2693,30,0 2693,0,4033,31,0 2693,0,4033,30,0 2693,0,4033,30,0 2693,0,4033,30,0 2693,0,4033,30,0 64,210,354,372,0 367,210,657,372,0 670,210,960,372,0 1019,225,1043,249,0 1128,225,1152,249,0 1237,225,1261,249,0 1019,329,1043,353,0 1128,329,1152,353,0 1237,329,1261,353,0 88,509,188,599,0 513,509,613,599,0 938,509,1038,599,0
D:\datasets\dataset_webpage\data\img_segment\img\19\segment\0.png 88,30,278,57,0 88,88,1278,599,0
D:\datasets\dataset_webpage\data\img_segment\img\19\segment\1.png 88,0,1278,89,0
D:\datasets\dataset_webpage\data\img_segment\img\20\segment\5.png 240,356,260,376,0 268,376,284,392,0 253,509,269,525,0 282,509,298,525,0
D:\datasets\dataset_webpage\data\img_segment\img\20\segment\4.png 240,137,260,157,0 268,160,284,176,0 240,330,260,350,0
D:\datasets\dataset_webpage\data\img_segment\img\20\segment\3.png 343,0,727,201,0
D:\datasets\dataset_webpage\data\img_segment\img\20\segment\2.png 240,229,260,249,0 343,288,727,599,0
D:\datasets\dataset_webpage\data\img_segment\img\20\segment\0.png 240,120,260,140,0 268,143,284,159,0 240,367,260,387,0 268,390,284,406,0 343,444,727,599,0
D:\datasets\dataset_webpage\data\img_segment\img\20\segment\1.png 343,0,727,357,0 240,411,260,431,0 875,279,907,311,0
D:\datasets\dataset_webpage\data\img_segment\img\21\segment\5.png 779,0,5685,360,0
D:\datasets\dataset_webpage\data\img_segment\img\21\segment\3.png 119,0,419,538,0 683,0,983,538,0
D:\datasets\dataset_webpage\data\img_segment\img\21\segment\2.png 119,297,419,599,0 683,297,983,599,0
D:\datasets\dataset_webpage\data\img_segment\img\21\segment\4.png 779,119,5685,599,0
D:\datasets\dataset_webpage\data\img_segment\img\23\segment\2.png 683,0,1161,56,0
D:\datasets\dataset_webpage\data\img_segment\img\23\segment\1.png 683,316,1161,599,0
D:\datasets\dataset_webpage\data\img_segment\img\24\segment\5.png 225,43,249,67,0 225,165,249,189,0 225,287,249,311,0 225,409,249,433,0 225,531,249,555,0 913,597,937,599,0
D:\datasets\dataset_webpage\data\img_segment\img\24\segment\4.png 225,41,249,65,0 225,163,249,187,0 225,285,249,309,0 913,351,937,365,0 225,521,249,545,0 1011,17,1109,115,0 1141,17,1239,115,0
D:\datasets\dataset_webpage\data\img_segment\img\24\segment\9.png 225,68,249,92,0
D:\datasets\dataset_webpage\data\img_segment\img\24\segment\8.png 225,58,249,82,0 225,180,249,204,0 225,302,249,326,0 225,424,249,448,0 225,546,249,570,0
D:\datasets\dataset_webpage\data\img_segment\img\24\segment\7.png 225,55,249,79,0 225,177,249,201,0 225,414,249,438,0 225,536,249,560,0
D:\datasets\dataset_webpage\data\img_segment\img\24\segment\3.png 225,39,249,63,0 913,105,937,119,0 225,275,249,299,0 225,397,249,421,0 225,519,249,543,0 991,167,1083,291,0
D:\datasets\dataset_webpage\data\img_segment\img\24\segment\2.png 225,151,249,175,0 225,273,249,297,0 225,395,249,419,0 225,517,249,541,0 991,0,1055,41,0 991,56,1055,104,0 991,120,1055,168,0 991,184,1055,232,0 1104,397,1146,432,0
D:\datasets\dataset_webpage\data\img_segment\img\24\segment\0.png 1068,15,1088,33,0 1148,15,1169,32,0 201,50,961,140,0 201,154,709,493,0 711,154,961,256,0 711,258,961,360,0 225,414,249,438,0 225,536,249,560,0 975,154,1275,354,0 1243,162,1267,176,0 991,424,1055,472,0 991,488,1055,536,0 991,552,1055,599,0
D:\datasets\dataset_webpage\data\img_segment\img\24\segment\1.png 913,2,937,16,0 225,148,249,172,0 225,270,249,294,0 225,392,249,416,0 225,514,249,538,0 991,0,1055,1,0 991,16,1055,64,0 991,80,1055,128,0 991,144,1055,192,0 991,208,1055,256,0 991,272,1055,320,0 991,336,1055,384,0 991,400,1055,448,0 991,464,1055,512,0 991,528,1055,576,0 991,592,1055,599,0
D:\datasets\dataset_webpage\data\img_segment\img\24\segment\6.png 913,0,937,12,0 225,167,249,191,0 225,289,249,313,0 225,411,249,435,0 225,533,249,557,0
D:\datasets\dataset_webpage\data\img_segment\img\26\segment\0.png 698,223,713,238,0
D:\datasets\dataset_webpage\data\img_segment\img\27\segment\0.png 149,63,244,95,0 77,404,158,484,0 158,404,239,484,0 239,404,320,484,0 320,404,401,484,0 385,169,497,232,0 386,514,476,574,0
D:\datasets\dataset_webpage\data\img_segment\img\27\segment\1.png 1023,16,1073,66,0 1177,16,1227,66,0
D:\datasets\dataset_webpage\data\img_segment\img\28\segment\0.png 20,80,219,176,0
D:\datasets\dataset_webpage\data\img_segment\img\29\segment\0.png 316,28,1050,87,0 472,322,488,334,0 457,341,473,353,0 473,341,503,353,0 470,360,500,372,0 461,379,477,391,0 461,398,477,410,0 459,417,489,429,0 463,436,479,448,0 479,436,509,448,0 442,455,458,467,0 312,474,322,494,0 568,312,688,387,0 1001,300,1048,316,0 737,331,753,347,0 724,383,749,399,0
D:\datasets\dataset_webpage\data\img_segment\img\3\segment\0.png 548,102,818,231,0
D:\datasets\dataset_webpage\data\img_segment\img\30\segment\5.png 28,7,286,152,0 291,7,549,152,0 555,7,813,152,0 819,7,1077,152,0 1082,7,1340,152,0 928,294,938,312,0
D:\datasets\dataset_webpage\data\img_segment\img\30\segment\4.png 28,0,286,30,0 291,0,549,30,0 555,0,813,30,0 819,0,1077,30,0 1082,0,1340,30,0 28,125,286,270,0 291,125,549,270,0 555,125,813,270,0 819,125,1077,270,0 1082,125,1340,270,0 28,366,286,511,0 291,366,549,511,0 555,366,813,511,0 819,366,1077,511,0 1082,366,1340,511,0
D:\datasets\dataset_webpage\data\img_segment\img\30\segment\3.png 28,0,286,69,0 291,0,549,69,0 555,0,813,69,0 819,0,1077,69,0 1082,0,1340,69,0 28,245,286,390,0 291,245,549,390,0 555,245,813,390,0 819,245,1077,390,0 1082,245,1340,390,0 28,484,286,599,0 291,484,549,599,0 555,484,813,599,0 819,484,1077,599,0 1082,484,1340,599,0
D:\datasets\dataset_webpage\data\img_segment\img\30\segment\2.png 28,0,286,23,0 291,0,549,23,0 555,0,813,23,0 819,0,1077,23,0 1082,0,1340,23,0 28,201,286,346,0 291,201,549,346,0 555,201,813,346,0 819,201,1077,346,0 1082,201,1340,346,0 28,523,286,599,0 291,523,549,599,0 555,523,813,599,0 819,523,1077,599,0 1082,523,1340,599,0
D:\datasets\dataset_webpage\data\img_segment\img\30\segment\0.png 46,32,196,72,0 28,273,286,418,0 291,273,549,418,0 555,273,813,418,0 28,514,286,599,0 291,514,549,599,0 555,514,813,599,0
D:\datasets\dataset_webpage\data\img_segment\img\30\segment\1.png 28,0,286,60,0 291,0,549,60,0 555,0,813,60,0 28,153,286,298,0 291,153,549,298,0 555,153,813,298,0 819,153,1077,298,0 1082,153,1340,298,0 28,477,286,599,0 291,477,549,599,0 555,477,813,599,0 819,477,1077,599,0 1082,477,1340,599,0
D:\datasets\dataset_webpage\data\img_segment\img\31\segment\0.png 79,14,187,37,0 68,284,1297,599,0 68,562,357,599,0 382,562,671,599,0 695,562,984,599,0 1008,562,1297,599,0
D:\datasets\dataset_webpage\data\img_segment\img\31\segment\2.png 68,0,1297,430,0 68,294,357,456,0 382,294,671,456,0 695,294,984,456,0 1008,294,1297,456,0
D:\datasets\dataset_webpage\data\img_segment\img\31\segment\3.png 70,72,98,100,0 114,72,142,100,0 158,72,186,100,0 202,72,230,100,0 246,72,274,100,0
D:\datasets\dataset_webpage\data\img_segment\img\31\segment\1.png 68,0,1297,146,0 68,0,357,126,0 382,0,671,126,0 695,0,984,126,0 1008,0,1297,126,0 68,568,1297,599,0
D:\datasets\dataset_webpage\data\img_segment\img\33\segment\0.png 339,271,1059,546,0 1059,271,1779,546,0 1779,271,2499,546,0 339,546,1059,599,0 1059,546,1779,599,0 1779,546,2499,599,0
D:\datasets\dataset_webpage\data\img_segment\img\33\segment\1.png 339,0,1059,222,0 1059,0,1779,222,0 1779,0,2499,222,0 339,221,1059,496,0 1059,221,1779,496,0 1779,221,2499,496,0
D:\datasets\dataset_webpage\data\img_segment\img\34\segment\0.png 905,77,965,126,0
D:\datasets\dataset_webpage\data\img_segment\img\35\segment\0.png 547,49,819,183,0
D:\datasets\dataset_webpage\data\img_segment\img\37\segment\0.png 547,49,819,183,0
D:\datasets\dataset_webpage\data\img_segment\img\38\segment\0.png 289,482,313,507,0 289,526,313,550,0 289,570,313,594,0
D:\datasets\dataset_webpage\data\img_segment\img\38\segment\3.png 0,248,4,252,0
D:\datasets\dataset_webpage\data\img_segment\img\38\segment\1.png 289,14,313,38,0
D:\datasets\dataset_webpage\data\img_segment\img\39\segment\0.png 169,435,241,459,0 298,435,359,459,0 421,435,481,459,0 536,435,611,459,0 664,435,729,459,0 788,435,853,459,0 166,502,243,526,0 307,502,349,526,0 418,502,485,526,0 540,502,609,526,0 670,502,723,526,0 788,502,853,526,0 156,569,255,593,0 301,569,355,593,0 428,569,475,593,0 544,569,603,593,0 666,569,729,593,0 788,569,851,593,0
D:\datasets\dataset_webpage\data\img_segment\img\39\segment\2.png 160,0,326,3,0 340,0,506,3,0 520,0,686,3,0 700,0,866,3,0 160,98,326,206,0 340,98,506,206,0 520,98,686,206,0 700,98,866,206,0 160,335,326,423,0 520,335,686,423,0
D:\datasets\dataset_webpage\data\img_segment\img\39\segment\1.png 160,86,326,271,0 340,86,506,194,0 520,86,686,194,0 700,86,866,194,0 160,290,326,398,0 340,290,506,398,0 520,290,686,398,0 700,290,866,398,0 160,494,326,599,0 340,494,506,599,0 520,494,686,599,0 700,494,866,599,0
D:\datasets\dataset_webpage\data\img_segment\img\4\segment\0.png 583,176,783,359,0
D:\datasets\dataset_webpage\data\img_segment\img\42\segment\18.png 149,170,171,186,0 243,429,265,445,0
D:\datasets\dataset_webpage\data\img_segment\img\42\segment\12.png 264,370,286,386,0
D:\datasets\dataset_webpage\data\img_segment\img\42\segment\14.png 149,75,171,91,0
D:\datasets\dataset_webpage\data\img_segment\img\42\segment\3.png 149,451,171,467,0
D:\datasets\dataset_webpage\data\img_segment\img\42\segment\15.png 149,250,171,266,0
D:\datasets\dataset_webpage\data\img_segment\img\42\segment\6.png 190,460,212,476,0
D:\datasets\dataset_webpage\data\img_segment\img\42\segment\5.png 270,26,292,42,0
D:\datasets\dataset_webpage\data\img_segment\img\42\segment\17.png 149,512,171,528,0
D:\datasets\dataset_webpage\data\img_segment\img\42\segment\22.png 149,226,171,242,0 233,226,255,242,0
D:\datasets\dataset_webpage\data\img_segment\img\42\segment\2.png 149,255,171,271,0 265,255,287,271,0 319,384,341,400,0
D:\datasets\dataset_webpage\data\img_segment\img\42\segment\9.png 206,211,228,227,0 149,340,171,356,0
D:\datasets\dataset_webpage\data\img_segment\img\42\segment\11.png 149,453,171,469,0
D:\datasets\dataset_webpage\data\img_segment\img\43\segment\0.png 78,14,186,37,0 295,453,670,599,0
D:\datasets\dataset_webpage\data\img_segment\img\43\segment\2.png 295,0,670,57,0 670,108,1045,341,0 295,393,670,599,0
D:\datasets\dataset_webpage\data\img_segment\img\43\segment\3.png 295,0,670,27,0 178,310,202,334,0 222,310,246,334,0 266,310,290,334,0 310,310,334,334,0
D:\datasets\dataset_webpage\data\img_segment\img\43\segment\1.png 295,0,670,88,0 670,138,1045,371,0 295,423,670,599,0
D:\datasets\dataset_webpage\data\img_segment\img\44\segment\0.png 469,0,619,30,0 1332,538,1345,556,0 1332,588,1347,599,0
D:\datasets\dataset_webpage\data\img_segment\img\44\segment\2.png 166,531,379,599,0 396,531,609,599,0 626,531,839,599,0 855,531,1068,599,0 1085,531,1298,599,0 1315,531,1528,599,0 1545,531,1758,599,0 1775,531,1988,599,0 2004,549,2217,599,0 2234,531,2447,599,0 2464,531,2677,599,0 2694,531,2907,599,0 2924,531,3137,599,0 3153,531,3366,599,0 3383,531,3596,599,0
D:\datasets\dataset_webpage\data\img_segment\img\44\segment\3.png 166,0,379,145,0 396,0,609,145,0 626,0,839,145,0 855,0,1068,61,0 1085,0,1298,145,0 1315,0,1528,145,0 1545,0,1758,145,0 1775,0,1988,145,0 2004,0,2217,92,0 2234,0,2447,145,0 2464,0,2677,145,0 2694,0,2907,145,0 2924,0,3137,145,0 3153,0,3366,74,0 3383,0,3596,135,0
D:\datasets\dataset_webpage\data\img_segment\img\44\segment\1.png 1332,0,1347,7,0
D:\datasets\dataset_webpage\data\img_segment\img\46\segment\5.png 40,0,310,21,0 325,0,468,31,0 483,0,642,31,0 656,0,926,27,0 940,0,1099,31,0 1113,0,1383,14,0 1408,0,1532,31,0 1556,0,1826,14,0 1840,0,1999,31,0 2013,0,2158,31,0 2172,0,2442,14,0 2456,0,2726,14,0 2740,0,3010,14,0 3024,0,3294,14,0 3308,0,3508,31,0 3522,0,3704,31,0 3718,0,3988,14,0 4002,0,4161,31,0 4175,0,4391,31,0 4405,0,4576,31,0 40,129,184,329,0 199,144,469,312,0 483,129,713,329,0 727,129,876,329,0 890,129,1087,329,0 1101,129,1265,329,0 1279,129,1426,329,0 1440,129,1610,329,0 1624,129,1811,329,0 1825,129,2045,329,0 2059,129,2238,329,0 2252,129,2456,329,0 2470,129,2737,329,0 2752,129,2896,329,0 2910,134,3180,322,0 3194,129,3380,329,0 3403,129,3530,329,0 3553,129,3734,329,0 3748,129,3970,329,0 3984,129,4153,329,0 124,393,564,593,0 801,393,1241,593,0
D:\datasets\dataset_webpage\data\img_segment\img\46\segment\4.png 124,135,564,335,0 801,135,1241,335,0 40,439,310,599,0 325,430,468,599,0 483,430,642,599,0 656,433,926,599,0 940,430,1099,599,0 1113,445,1383,599,0 1408,430,1532,599,0 1556,445,1826,599,0 1840,430,1999,599,0 2013,430,2158,599,0 2172,445,2442,599,0 2456,445,2726,599,0 2740,445,3010,599,0 3024,445,3294,599,0 3308,430,3508,599,0 3522,430,3704,599,0 3718,445,3988,599,0 4002,430,4161,599,0 4175,430,4391,599,0 4405,430,4576,599,0
D:\datasets\dataset_webpage\data\img_segment\img\46\segment\3.png 40,0,310,32,0 324,0,535,103,0 549,0,792,103,0 806,0,1076,44,0 1090,0,1360,63,0 1374,0,1644,77,0 1658,0,1904,103,0 1918,0,2188,35,0 2202,0,2472,63,0 2486,0,2756,59,0 40,209,310,391,0 324,208,594,392,0 608,201,823,401,0 837,260,1107,341,0 1121,204,1391,396,0 1405,210,1675,391,0 1689,274,1959,327,0 1973,201,2192,401,0 2206,211,2476,389,0 2490,201,2694,401,0
D:\datasets\dataset_webpage\data\img_segment\img\46\segment\2.png 40,0,250,144,0 264,0,534,132,0 548,0,711,144,0 725,0,936,144,0 953,0,1092,144,0 1111,0,1252,144,0 1276,0,1405,144,0 1451,0,1548,144,0 1586,0,1856,125,0 1870,0,2045,144,0 124,207,564,407,0 801,207,1241,407,0 40,571,310,599,0 324,502,535,599,0 549,502,792,599,0 806,560,1076,599,0 1090,540,1360,599,0 1374,527,1644,599,0 1658,502,1904,599,0 1918,569,2188,599,0 2202,540,2472,599,0 2486,545,2756,599,0
D:\datasets\dataset_webpage\data\img_segment\img\46\segment\0.png 966,9,1366,48,0 1299,99,2799,599,0 2665,99,4165,599,0 4031,99,5531,599,0 5397,99,6897,599,0 48,400,308,599,0 385,400,645,599,0 721,400,981,599,0
D:\datasets\dataset_webpage\data\img_segment\img\46\segment\1.png 1299,0,2799,100,0 2665,0,4165,100,0 4031,0,5531,100,0 5397,0,6897,100,0 48,0,308,61,0 385,0,645,61,0 721,0,981,61,0 40,258,310,428,0 364,244,429,444,0 483,246,753,440,0 767,244,1037,442,0 1090,244,1158,444,0 1210,259,1480,428,0 1494,244,1729,444,0 1743,247,2013,439,0 2027,244,2213,444,0 2266,244,2332,444,0 2386,250,2656,436,0 2709,244,2776,444,0 2869,244,2934,444,0 3030,244,3091,444,0 3188,244,3251,444,0 3306,258,3576,429,0 3626,244,3698,444,0 3780,244,3862,444,0 3910,244,4050,444,0 4088,244,4192,444,0 40,543,250,599,0 264,554,534,599,0 548,543,711,599,0 725,543,936,599,0 953,543,1092,599,0 1111,543,1252,599,0 1276,543,1405,599,0 1451,543,1548,599,0 1586,561,1856,599,0 1870,543,2045,599,0
D:\datasets\dataset_webpage\data\img_segment\img\46\segment\6.png 40,88,279,288,0 293,88,557,288,0 571,88,727,288,0 741,89,1011,286,0 1025,88,1179,288,0 1235,88,1296,288,0 1391,88,1458,288,0 1511,88,1781,286,0 1795,88,1946,288,0 1960,88,2169,288,0
D:\datasets\dataset_webpage\data\img_segment\img\47\segment\3.png 124,0,480,130,0
D:\datasets\dataset_webpage\data\img_segment\img\47\segment\2.png 124,9,480,209,0 124,529,480,599,0
D:\datasets\dataset_webpage\data\img_segment\img\47\segment\1.png 124,33,480,233,0
D:\datasets\dataset_webpage\data\img_segment\img\48\segment\4.png 255,0,525,12,0 528,0,798,12,0 802,0,1072,12,0 1076,0,1346,12,0 255,14,525,164,0 528,14,798,164,0 802,14,1072,164,0 1076,14,1346,164,0 255,167,525,317,0 528,167,798,317,0 802,167,1072,317,0 1076,167,1346,317,0 255,320,525,470,0 528,320,798,470,0 802,320,1072,470,0 1076,320,1346,470,0
D:\datasets\dataset_webpage\data\img_segment\img\48\segment\0.png 255,119,525,269,0 528,119,798,269,0 802,119,1072,269,0 1076,119,1346,269,0 255,272,525,422,0 528,272,798,422,0 802,272,1072,422,0 1076,272,1346,422,0 255,425,525,575,0 528,425,798,575,0 1076,425,1346,575,0 255,578,525,599,0 528,578,798,599,0 802,578,1072,599,0 1076,578,1346,599,0
D:\datasets\dataset_webpage\data\img_segment\img\48\segment\2.png 255,0,525,141,0 528,0,798,141,0 802,0,1072,141,0 1076,0,1346,141,0 255,143,525,293,0 528,143,798,293,0 802,143,1072,293,0 1076,143,1346,293,0 255,296,525,446,0 528,296,798,446,0 802,296,1072,446,0 1076,296,1346,446,0 255,449,525,599,0 528,449,798,599,0 802,449,1072,599,0 1076,449,1346,599,0
D:\datasets\dataset_webpage\data\img_segment\img\48\segment\3.png 255,2,525,152,0 528,2,798,152,0 802,2,1072,152,0 1076,2,1346,152,0 255,155,525,305,0 528,155,798,305,0 802,155,1072,305,0 1076,155,1346,305,0 255,308,525,458,0 528,308,798,458,0 802,308,1072,458,0 1076,308,1346,458,0 255,461,525,599,0 528,461,798,599,0 802,461,1072,599,0 1076,461,1346,599,0
D:\datasets\dataset_webpage\data\img_segment\img\48\segment\1.png 255,0,525,129,0 528,0,798,129,0 802,0,1072,129,0 1076,0,1346,129,0 255,131,525,281,0 528,131,798,281,0 802,131,1072,281,0 1076,131,1346,281,0 255,284,525,434,0 528,284,798,434,0 802,284,1072,434,0 1076,284,1346,434,0 255,437,525,587,0 528,437,798,587,0 802,437,1072,587,0 1076,437,1346,587,0 255,590,525,599,0 528,590,798,599,0 802,590,1072,599,0 1076,590,1346,599,0
D:\datasets\dataset_webpage\data\img_segment\img\49\segment\5.png 50,0,349,110,0 63,173,79,189,0 702,22,802,97,0 814,81,830,97,0 702,120,802,195,0 814,179,830,195,0 1024,22,1124,97,0 1136,81,1152,97,0 1024,120,1124,195,0 1136,179,1152,195,0 50,296,349,490,0 63,554,79,570,0 381,305,481,380,0 493,364,509,380,0 381,403,481,478,0 493,462,509,478,0 381,501,481,576,0 702,305,802,380,0 814,364,830,380,0 702,403,802,478,0 814,462,830,478,0 702,501,802,576,0 814,560,830,576,0 1015,296,1314,490,0 1028,554,1044,570,0 1337,296,1636,490,0
D:\datasets\dataset_webpage\data\img_segment\img\49\segment\4.png 50,134,349,328,0 63,392,79,408,0 381,143,481,218,0 493,202,509,218,0 381,241,481,316,0 493,300,509,316,0 381,339,481,414,0 493,398,509,414,0 702,143,802,218,0 814,202,830,218,0 702,241,802,316,0 814,300,830,316,0 702,339,802,414,0 814,398,830,414,0 1024,143,1124,218,0 1136,202,1152,218,0 1024,241,1124,316,0 1136,300,1152,316,0 1024,339,1124,414,0 1136,398,1152,414,0 50,515,349,599,0 702,524,802,599,0 814,583,830,599,0 1024,524,1124,599,0 1136,583,1152,599,0
D:\datasets\dataset_webpage\data\img_segment\img\49\segment\9.png 360,145,495,185,0 350,188,505,248,0
D:\datasets\dataset_webpage\data\img_segment\img\49\segment\8.png 50,20,349,214,0 63,278,79,294,0 381,29,481,104,0 493,88,509,104,0 381,127,481,202,0 493,186,509,202,0 381,225,481,300,0 493,284,509,300,0 702,29,802,104,0 814,88,830,104,0 702,127,802,202,0 814,186,830,202,0 702,225,802,300,0 814,284,830,300,0 1015,20,1314,214,0 1028,278,1044,294,0 50,401,349,595,0 372,401,671,595,0 694,401,993,595,0 1015,401,1314,595,0
D:\datasets\dataset_webpage\data\img_segment\img\49\segment\7.png 50,0,349,53,0 63,116,79,132,0 372,0,671,53,0 385,116,401,132,0 702,0,802,41,0 814,24,830,40,0 702,63,802,138,0 814,122,830,138,0 1024,0,1124,41,0 1136,24,1152,40,0 1024,63,1124,138,0 1136,122,1152,138,0 50,239,349,433,0 63,497,79,513,0 372,239,671,433,0 385,497,401,513,0 702,248,802,323,0 814,307,830,323,0 702,346,802,421,0 814,405,830,421,0 702,444,802,519,0 814,503,830,519,0 1024,248,1124,323,0 1136,307,1152,323,0 1024,346,1124,421,0 1136,405,1152,421,0 1024,444,1124,519,0 1136,503,1152,519,0
D:\datasets\dataset_webpage\data\img_segment\img\49\segment\3.png 50,0,349,167,0 63,230,79,246,0 372,0,671,167,0 385,230,401,246,0 702,0,802,57,0 814,40,830,56,0 702,79,802,154,0 814,138,830,154,0 702,177,802,252,0 814,236,830,252,0 1024,0,1124,57,0 1136,40,1152,56,0 1024,79,1124,154,0 1136,138,1152,154,0 1024,177,1124,252,0 1136,236,1152,252,0 50,353,349,547,0 372,353,671,547,0 694,353,993,547,0 1015,353,1314,547,0
D:\datasets\dataset_webpage\data\img_segment\img\49\segment\2.png 50,101,349,295,0 63,359,79,375,0 372,101,671,295,0 385,359,401,375,0 702,110,802,185,0 814,169,830,185,0 702,208,802,283,0 814,267,830,283,0 702,306,802,381,0 814,365,830,381,0 1024,110,1124,185,0 1136,169,1152,185,0 1024,208,1124,283,0 1136,267,1152,283,0 1024,306,1124,381,0 1136,365,1152,381,0 50,572,349,599,0 372,572,671,599,0 702,581,802,599,0 1024,581,1124,599,0
D:\datasets\dataset_webpage\data\img_segment\img\49\segment\0.png 163,162,193,192,0 50,257,257,507,0 70,571,86,587,0 258,257,464,507,0 278,571,294,587,0 466,257,672,507,0 486,571,502,587,0 672,257,879,507,0 692,571,708,587,0 880,257,1086,507,0 900,571,916,587,0 1088,257,1294,507,0 1108,571,1124,587,0 1294,257,1916,599,0 1314,570,1330,586,0 1916,257,2123,507,0 1936,571,1952,587,0 2124,257,2330,507,0 2144,571,2160,587,0 2332,257,2538,507,0 2352,571,2368,587,0 2538,257,2745,507,0 2558,571,2574,587,0 2746,257,2952,507,0 2766,571,2782,587,0 2954,257,3160,507,0 2974,571,2990,587,0 3160,257,3782,599,0 3782,257,3989,507,0 3802,571,3818,587,0 3990,257,4196,507,0 4010,571,4026,587,0 4198,257,4404,507,0 4218,571,4234,587,0 4404,257,4611,507,0 4424,571,4440,587,0 4612,347,4818,597,0 4820,347,5026,597,0 5026,347,5648,599,0 5648,347,5855,597,0 5856,347,6062,597,0 6064,347,6270,597,0 6025,347,6232,597,0 5857,347,6063,597,0 6064,347,6270,597,0 6270,347,6892,599,0 6892,347,7099,597,0 7100,347,7306,597,0 7308,347,7514,597,0 7514,347,8136,599,0 8136,347,8446,599,0 8447,347,8758,513,0 8447,514,8758,599,0 8758,347,9380,599,0 9380,347,9690,599,0 9691,347,10002,513,0 9691,514,10002,599,0 10002,347,10313,599,0 10314,347,10624,599,0 10624,347,10934,599,0 10935,347,11246,513,0 10935,514,11246,599,0 11246,347,11556,599,0 11557,347,11868,513,0 11557,514,11868,599,0 694,347,994,597,0 710,565,726,581,0
D:\datasets\dataset_webpage\data\img_segment\img\49\segment\1.png 1294,0,1916,26,0 3160,0,3782,26,0 4632,61,4648,77,0 4840,61,4856,77,0 5026,0,5648,116,0 5668,61,5684,77,0 5876,61,5892,77,0 6084,61,6100,77,0 5713,61,5729,77,0 5876,61,5892,77,0 6084,61,6100,77,0 6270,0,6892,116,0 6290,60,6306,76,0 6912,61,6928,77,0 7120,61,7136,77,0 7328,61,7344,77,0 7514,0,8136,116,0 8136,0,8446,81,0 8156,61,8172,77,0 8447,0,8758,81,0 8758,0,9380,116,0 9380,0,9690,81,0 9400,61,9416,77,0 9691,0,10002,81,0 10002,0,10313,81,0 10022,61,10038,77,0 10314,0,10624,81,0 10334,61,10350,77,0 10624,0,10934,81,0 10644,61,10660,77,0 10935,0,11246,81,0 11246,0,11556,81,0 11266,61,11282,77,0 11557,0,11868,81,0 59,147,159,222,0 171,206,187,222,0 59,263,159,338,0 171,322,187,338,0 381,147,481,222,0 493,206,509,222,0 381,263,481,338,0 703,31,803,106,0 815,90,831,106,0 703,147,803,222,0 815,206,831,222,0 703,263,803,338,0 815,322,831,338,0 1025,31,1125,106,0 1137,90,1153,106,0 1025,147,1125,222,0 1137,206,1153,222,0 1025,263,1125,338,0 1137,322,1153,338,0
D:\datasets\dataset_webpage\data\img_segment\img\49\segment\6.png 50,77,349,271,0 63,335,79,351,0 381,86,481,161,0 493,145,509,161,0 381,184,481,259,0 493,243,509,259,0 381,282,481,357,0 493,341,509,357,0 702,86,802,161,0 814,145,830,161,0 702,184,802,259,0 814,243,830,259,0 702,282,802,357,0 814,341,830,357,0 1015,77,1314,271,0 1028,335,1044,351,0 50,458,349,599,0 372,458,671,599,0 702,467,802,542,0 814,526,830,542,0 702,565,802,599,0 1024,467,1124,542,0 1136,526,1152,542,0 1024,565,1124,599,0
D:\datasets\dataset_webpage\data\img_segment\img\50\segment\5.png 44,76,359,253,0 365,76,680,253,0 686,76,1001,253,0 1007,76,1322,253,0 44,334,359,511,0
D:\datasets\dataset_webpage\data\img_segment\img\50\segment\4.png 44,0,359,80,0 365,0,680,80,0 686,0,1001,80,0 1007,0,1322,80,0 44,160,359,337,0 365,160,680,337,0 686,160,1001,337,0 1007,160,1322,337,0 44,418,359,595,0 365,418,680,595,0 686,418,1001,595,0 1007,418,1322,595,0
D:\datasets\dataset_webpage\data\img_segment\img\50\segment\3.png 44,0,359,164,0 365,0,680,164,0 686,0,1001,164,0 1007,0,1322,164,0 44,244,359,421,0 365,244,680,421,0 686,244,1001,421,0 1007,244,1322,422,0 44,502,359,599,0 365,502,680,599,0 686,502,1001,599,0 1007,502,1322,599,0
D:\datasets\dataset_webpage\data\img_segment\img\50\segment\2.png 44,70,359,247,0 365,70,680,247,0 686,70,1001,247,0 1007,70,1322,247,0 44,328,359,505,0 365,328,680,505,0 686,328,1001,505,0 1007,328,1322,505,0 44,586,359,599,0 365,586,680,599,0 686,586,1001,599,0 1007,586,1322,599,0
D:\datasets\dataset_webpage\data\img_segment\img\50\segment\0.png 44,238,359,415,0 365,238,680,415,0 686,238,1001,415,0 1007,238,1322,415,0 44,496,359,599,0 365,496,680,599,0 686,496,1001,599,0 1007,496,1322,599,0
D:\datasets\dataset_webpage\data\img_segment\img\50\segment\1.png 44,0,359,74,0 365,0,680,74,0 686,0,1001,74,0 1007,0,1322,74,0 44,154,359,331,0 365,154,680,331,0 686,154,1001,331,0 1007,154,1322,331,0 44,412,359,589,0 365,412,680,589,0 686,412,1001,589,0 1007,412,1322,589,0
D:\datasets\dataset_webpage\data\img_segment\img\50\segment\6.png 218,111,1148,357,0
D:\datasets\dataset_webpage\data\img_segment\img\51\segment\0.png 472,208,542,278,0 824,208,894,278,0
D:\datasets\dataset_webpage\data\img_segment\img\51\segment\2.png 139,18,214,93,0 418,18,493,93,0 696,18,771,93,0 975,18,1050,93,0 178,592,351,599,0 457,592,630,599,0 735,592,908,599,0 1014,592,1187,599,0
D:\datasets\dataset_webpage\data\img_segment\img\51\segment\3.png 178,0,351,93,0 457,0,630,93,0 178,92,351,192,0 457,92,630,192,0 735,0,908,93,0 1014,0,1187,93,0 735,92,908,192,0 1014,92,1187,192,0
D:\datasets\dataset_webpage\data\img_segment\img\51\segment\1.png 177,120,332,264,0 462,120,617,264,0 747,120,902,264,0 1032,120,1187,264,0
D:\datasets\dataset_webpage\data\img_segment\img\52\segment\5.png 193,526,225,546,0
D:\datasets\dataset_webpage\data\img_segment\img\52\segment\0.png 787,8,819,40,0 1104,177,1173,217,0 193,233,633,453,0 633,233,1073,453,0 1073,233,1513,453,0 1513,233,1953,453,0 1953,233,2393,453,0 653,233,813,333,0 833,233,993,333,0 1013,233,1173,333,0 653,353,813,453,0 833,353,993,453,0 1013,353,1173,453,0 653,473,813,573,0 833,473,993,573,0 193,538,353,599,0 373,538,533,599,0 553,538,713,599,0 733,538,893,599,0 913,537,1173,599,0
D:\datasets\dataset_webpage\data\img_segment\img\52\segment\1.png 504,128,536,160,0 193,0,353,39,0 373,0,533,39,0 553,0,713,39,0 733,0,893,39,0 193,106,353,206,0 913,0,1173,88,0 193,121,1173,201,0 193,181,225,201,0 193,266,353,366,0 373,266,533,366,0 553,266,713,366,0 733,266,893,366,0 193,434,353,534,0 373,434,533,534,0 553,434,713,534,0 733,434,893,534,0 418,265,458,305,0 418,319,458,359,0 418,373,458,413,0 418,427,458,467,0 418,481,458,521,0 418,535,458,575,0 913,265,1173,513,0 913,533,1040,576,0 1046,533,1173,576,0
D:\datasets\dataset_webpage\data\img_segment\img\52\segment\2.png 193,2,353,102,0 373,2,533,102,0 193,503,225,523,0
D:\datasets\dataset_webpage\data\img_segment\img\52\segment\18.png 193,79,293,117,0 193,79,293,117,0 608,71,628,91,0 440,98,456,114,0
D:\datasets\dataset_webpage\data\img_segment\img\52\segment\16.png 913,196,1173,599,0
D:\datasets\dataset_webpage\data\img_segment\img\52\segment\17.png 913,0,1173,365,0
D:\datasets\dataset_webpage\data\img_segment\img\53\segment\12.png 144,0,192,5,0 144,208,192,256,0
D:\datasets\dataset_webpage\data\img_segment\img\53\segment\11.png 144,556,192,599,0
D:\datasets\dataset_webpage\data\img_segment\img\54\segment\5.png 199,102,315,274,0 326,102,442,274,0 453,102,569,274,0 581,102,697,274,0 709,102,825,274,0 200,446,824,599,0 472,582,552,599,0 868,0,1175,180,0 982,24,1062,104,0
D:\datasets\dataset_webpage\data\img_segment\img\54\segment\4.png 199,0,300,125,0 199,380,400,581,0 411,380,612,581,0 624,380,825,581,0 868,549,1175,599,0
D:\datasets\dataset_webpage\data\img_segment\img\54\segment\8.png 200,0,824,46,0 199,217,315,389,0 328,217,444,389,0 456,217,571,387,0 583,217,698,387,0 710,217,825,387,0
D:\datasets\dataset_webpage\data\img_segment\img\54\segment\7.png 200,0,824,122,0 200,293,824,599,0 472,429,552,509,0
D:\datasets\dataset_webpage\data\img_segment\img\54\segment\3.png 199,0,506,73,0 518,0,825,73,0 199,193,400,394,0 411,193,612,394,0 624,193,825,394,0 199,574,300,599,0
D:\datasets\dataset_webpage\data\img_segment\img\54\segment\2.png 200,0,824,225,0 472,9,552,89,0 199,442,506,599,0 518,442,825,599,0
D:\datasets\dataset_webpage\data\img_segment\img\54\segment\0.png 901,33,953,47,0 199,119,400,417,0 260,228,340,308,0 411,119,612,417,0 472,228,552,308,0 624,119,825,417,0 684,228,764,308,0 200,522,824,599,0
D:\datasets\dataset_webpage\data\img_segment\img\54\segment\1.png 200,0,824,274,0 472,58,552,138,0 200,473,824,599,0
D:\datasets\dataset_webpage\data\img_segment\img\54\segment\6.png 200,0,824,198,0 472,0,552,63,0 200,370,824,599,0 472,505,552,585,0
D:\datasets\dataset_webpage\data\img_segment\img\56\segment\4.png 63,0,301,41,0 311,0,549,41,0 559,0,797,41,0 807,0,1045,41,0 1055,0,1293,41,0 63,95,301,274,0 311,95,549,274,0 559,95,797,274,0 807,95,1045,274,0 1055,95,1293,274,0 63,329,301,508,0 311,329,549,508,0 559,329,797,508,0 807,329,1045,508,0 1055,329,1293,508,0 63,563,301,599,0 311,563,549,599,0 559,563,797,599,0 807,563,1045,599,0 1055,563,1293,599,0
D:\datasets\dataset_webpage\data\img_segment\img\56\segment\13.png 63,0,301,23,0 311,0,549,23,0 559,0,797,23,0 807,0,1045,23,0 1055,0,1293,23,0 63,77,301,256,0 311,77,549,256,0 559,77,797,256,0 807,77,1045,256,0 1055,77,1293,256,0 63,311,301,490,0 311,311,549,490,0 559,311,797,490,0 807,311,1045,490,0 1055,311,1293,490,0 63,545,301,599,0 311,545,549,599,0 559,545,797,599,0
D:\datasets\dataset_webpage\data\img_segment\img\56\segment\12.png 63,0,301,155,0 311,0,549,155,0 559,0,797,155,0 807,0,1045,155,0 1055,0,1293,155,0 63,209,301,388,0 311,209,549,388,0 559,209,797,388,0 807,209,1045,388,0 1055,209,1293,388,0 63,443,301,599,0 311,443,549,599,0 559,443,797,599,0 807,443,1045,599,0 1055,443,1293,599,0
D:\datasets\dataset_webpage\data\img_segment\img\56\segment\8.png 63,35,301,214,0 311,35,549,214,0 559,35,797,214,0 807,35,1045,214,0 1055,35,1293,214,0 63,269,301,448,0 311,269,549,448,0 559,269,797,448,0 807,269,1045,448,0 1055,269,1293,448,0 63,503,301,599,0 311,503,549,599,0 559,503,797,599,0 807,503,1045,599,0 1055,503,1293,599,0
D:\datasets\dataset_webpage\data\img_segment\img\56\segment\14.png 63,0,301,125,0 311,0,549,125,0 559,0,797,125,0
D:\datasets\dataset_webpage\data\img_segment\img\56\segment\9.png 63,0,301,83,0 311,0,549,83,0 559,0,797,83,0 807,0,1045,83,0 1055,0,1293,83,0 63,137,301,316,0 311,137,549,316,0 559,137,797,316,0 807,137,1045,316,0 1055,137,1293,316,0 63,371,301,550,0 311,371,549,550,0 559,371,797,550,0 807,371,1045,550,0 1055,371,1293,550,0
D:\datasets\dataset_webpage\data\img_segment\img\56\segment\6.png 63,0,301,11,0 311,0,549,11,0 559,0,797,11,0 807,0,1045,11,0 1055,0,1293,11,0 63,65,301,244,0 311,65,549,244,0 559,65,797,244,0 807,65,1045,244,0 1055,65,1293,244,0 63,299,301,478,0 311,299,549,478,0 559,299,797,478,0 807,299,1045,478,0 1055,299,1293,478,0 63,533,301,599,0 311,533,549,599,0 559,533,797,599,0
D:\datasets\dataset_webpage\data\img_segment\img\56\segment\5.png 63,0,301,143,0 311,0,549,143,0 559,0,797,143,0 807,0,1045,143,0 1055,0,1293,143,0 63,197,301,376,0 311,197,549,376,0 559,197,797,376,0 807,197,1045,376,0 1055,197,1293,376,0 63,431,301,599,0 311,431,549,599,0 559,431,797,599,0 807,431,1045,599,0 1055,431,1293,599,0
D:\datasets\dataset_webpage\data\img_segment\img\56\segment\0.png 62,12,248,46,0 63,155,301,334,0 311,155,549,334,0 559,155,797,334,0 807,155,1045,334,0 1055,155,1293,334,0 63,389,301,568,0 311,389,549,568,0 559,389,797,568,0
D:\datasets\dataset_webpage\data\img_segment\img\56\segment\11.png 63,0,301,53,0 311,0,549,53,0 559,0,797,53,0 807,0,1045,53,0 1055,0,1293,53,0 63,107,301,286,0 311,107,549,286,0 559,107,797,286,0 807,107,1045,286,0 1055,107,1293,286,0 63,341,301,520,0 311,341,549,520,0 559,341,797,520,0 807,341,1045,520,0 1055,341,1293,520,0 63,575,301,599,0 311,575,549,599,0 559,575,797,599,0 807,575,1045,599,0 1055,575,1293,599,0
D:\datasets\dataset_webpage\data\img_segment\img\56\segment\7.png 63,0,301,113,0 311,0,549,113,0 559,0,797,113,0 63,167,301,346,0 311,167,549,346,0 559,167,797,346,0 807,167,1045,346,0 1055,167,1293,346,0 63,401,301,580,0 311,401,549,580,0 559,401,797,580,0 807,401,1045,580,0 1055,401,1293,580,0
D:\datasets\dataset_webpage\data\img_segment\img\56\segment\2.png 63,0,301,71,0 311,0,549,71,0 559,0,797,71,0 807,0,1045,71,0 1055,0,1293,71,0 63,125,301,304,0 311,125,549,304,0 559,125,797,304,0 807,125,1045,304,0 1055,125,1293,304,0 63,359,301,538,0 311,359,549,538,0 559,359,797,538,0 807,359,1045,538,0 1055,359,1293,538,0 63,593,301,599,0 311,593,549,599,0 559,593,797,599,0 807,593,1045,599,0 1055,593,1293,599,0
D:\datasets\dataset_webpage\data\img_segment\img\56\segment\3.png 63,0,301,173,0 311,0,549,173,0 559,0,797,173,0 807,0,1045,173,0 1055,0,1293,173,0 63,227,301,406,0 311,227,549,406,0 559,227,797,406,0 807,227,1045,406,0 1055,227,1293,406,0 63,461,301,599,0 311,461,549,599,0 559,461,797,599,0 807,461,1045,599,0 1055,461,1293,599,0
D:\datasets\dataset_webpage\data\img_segment\img\56\segment\1.png 63,23,301,202,0 311,23,549,202,0 559,23,797,202,0 807,23,1045,202,0 1055,23,1293,202,0 63,257,301,436,0 311,257,549,436,0 559,257,797,436,0 807,257,1045,436,0 1055,257,1293,436,0 63,491,301,599,0 311,491,549,599,0 559,491,797,599,0 807,491,1045,599,0 1055,491,1293,599,0
D:\datasets\dataset_webpage\data\img_segment\img\56\segment\10.png 63,5,301,184,0 311,5,549,184,0 559,5,797,184,0 807,5,1045,184,0 1055,5,1293,184,0 559,239,797,418,0 807,239,1045,418,0 1055,239,1293,418,0 63,473,301,599,0 311,473,549,599,0 559,473,797,599,0 807,473,1045,599,0 1055,473,1293,599,0
D:\datasets\dataset_webpage\data\img_segment\img\6\segment\5.png 59,39,296,276,0 313,39,550,276,0 567,39,804,276,0 821,39,1058,276,0 1075,39,1312,276,0 59,383,296,599,0 313,383,550,599,0 567,383,804,599,0 821,383,1058,599,0 1075,383,1312,599,0
D:\datasets\dataset_webpage\data\img_segment\img\6\segment\4.png 59,0,296,189,0 313,0,550,189,0 567,0,804,189,0 821,0,1058,189,0 1075,0,1312,189,0 59,295,296,532,0 313,295,550,532,0 567,295,804,532,0 821,295,1058,532,0 1075,295,1312,532,0
D:\datasets\dataset_webpage\data\img_segment\img\6\segment\9.png 1098,287,1158,347,0 253,443,1154,488,0
D:\datasets\dataset_webpage\data\img_segment\img\6\segment\8.png 59,0,296,197,0 313,0,550,197,0 567,0,804,197,0 821,0,1058,197,0 1075,0,1312,197,0
D:\datasets\dataset_webpage\data\img_segment\img\6\segment\7.png 59,0,296,109,0 313,0,550,109,0 567,0,804,109,0 821,0,1058,109,0 1075,0,1312,109,0 59,215,296,452,0 313,215,550,452,0 567,215,804,452,0 821,215,1058,452,0 1075,215,1312,452,0 59,559,296,599,0 313,559,550,599,0 567,559,804,599,0 821,559,1058,599,0 1075,559,1312,599,0
D:\datasets\dataset_webpage\data\img_segment\img\6\segment\3.png 59,0,296,101,0 313,0,550,101,0 567,0,804,101,0 821,0,1058,101,0 1075,0,1312,101,0 59,207,296,444,0 313,207,550,444,0 567,207,804,444,0 821,207,1058,444,0 1075,207,1312,444,0 59,551,296,599,0 313,551,550,599,0 567,551,804,599,0 821,551,1058,599,0 1075,551,1312,599,0
D:\datasets\dataset_webpage\data\img_segment\img\6\segment\2.png 59,119,296,356,0 313,119,550,356,0 567,119,804,356,0 821,119,1058,356,0 1075,119,1312,356,0 59,463,296,599,0 313,463,550,599,0 567,463,804,599,0 821,463,1058,599,0 1075,463,1312,599,0
D:\datasets\dataset_webpage\data\img_segment\img\6\segment\0.png 53,59,208,99,0 971,56,1011,96,0 59,143,81,157,0 233,171,1133,451,0 1130,171,2029,451,0 2025,171,2925,451,0 1131,171,1323,311,0 1131,311,1323,451,0 258,483,300,523,0 310,506,641,518,0 666,483,708,523,0 718,506,916,518,0 941,483,983,523,0 59,578,249,599,0 803,578,953,599,0 980,578,1130,599,0 1157,578,1307,599,0
D:\datasets\dataset_webpage\data\img_segment\img\6\segment\1.png 59,0,249,5,0 803,0,953,3,0 980,0,1130,3,0 1157,0,1307,3,0 43,20,381,260,0 213,204,293,244,0 59,306,163,332,0 59,395,160,496,0 59,497,160,597,0 161,395,363,597,0 373,395,474,496,0 373,497,474,597,0 475,395,677,597,0 687,395,788,496,0 687,497,788,597,0 789,395,991,597,0 1001,395,1102,496,0 1001,497,1102,597,0 1103,395,1305,597,0
D:\datasets\dataset_webpage\data\img_segment\img\6\segment\6.png 59,0,296,21,0 313,0,550,21,0 567,0,804,21,0 821,0,1058,21,0 1075,0,1312,21,0 59,127,296,364,0 313,127,550,364,0 567,127,804,364,0 821,127,1058,364,0 1075,127,1312,364,0 59,471,296,599,0 313,471,550,599,0 567,471,804,599,0 821,471,1058,599,0 1075,471,1312,599,0
D:\datasets\dataset_webpage\data\img_segment\img\60\segment\0.png 547,49,819,183,0
D:\datasets\dataset_webpage\data\img_segment\img\61\segment\0.png 547,49,819,183,0
D:\datasets\dataset_webpage\data\img_segment\img\62\segment\0.png 547,49,819,183,0
D:\datasets\dataset_webpage\data\img_segment\img\63\segment\5.png 271,0,476,89,0 481,0,686,89,0 691,0,896,89,0 900,0,1105,89,0 1110,0,1315,89,0
D:\datasets\dataset_webpage\data\img_segment\img\63\segment\4.png 271,0,476,65,0 481,0,686,65,0 691,0,896,65,0 900,0,1105,65,0 1110,0,1315,65,0 271,156,476,272,0 481,156,686,272,0 691,156,896,272,0 900,156,1105,272,0 1110,156,1315,272,0 271,364,476,480,0 481,364,686,480,0 691,364,896,480,0 900,364,1105,480,0 1110,364,1315,480,0 271,572,476,599,0 481,572,686,599,0 691,572,896,599,0 900,572,1105,599,0 1110,572,1315,599,0
D:\datasets\dataset_webpage\data\img_segment\img\63\segment\3.png 271,0,476,41,0 481,0,686,41,0 691,0,896,41,0 900,0,1105,41,0 1110,0,1315,41,0 271,132,476,248,0 481,132,686,248,0 691,132,896,248,0 900,132,1105,248,0 1110,132,1315,248,0 271,340,476,456,0 481,340,686,456,0 691,340,896,456,0 900,340,1105,456,0 1110,340,1315,456,0 271,548,476,599,0 481,548,686,599,0 691,548,896,599,0 900,548,1105,599,0 1110,548,1315,599,0
D:\datasets\dataset_webpage\data\img_segment\img\63\segment\2.png 271,0,476,17,0 481,0,686,17,0 691,0,896,17,0 900,0,1105,17,0 1110,0,1315,17,0 271,108,476,224,0 481,108,686,224,0 691,108,896,224,0 900,108,1105,224,0 1110,108,1315,224,0 271,316,476,432,0 481,316,686,432,0 691,316,896,432,0 900,316,1105,432,0 1110,316,1315,432,0 271,524,476,599,0 481,524,686,599,0 691,524,896,599,0 900,524,1105,599,0 1110,524,1315,599,0
D:\datasets\dataset_webpage\data\img_segment\img\63\segment\0.png 51,18,241,65,0 271,184,476,300,0 481,184,686,300,0 691,184,896,300,0 900,184,1105,300,0 1110,184,1315,300,0 271,376,476,492,0 481,376,686,492,0 691,376,896,492,0 900,376,1105,492,0 1110,376,1315,492,0
D:\datasets\dataset_webpage\data\img_segment\img\63\segment\1.png 271,84,476,200,0 481,84,686,200,0 691,84,896,200,0 900,84,1105,200,0 1110,84,1315,200,0 271,292,476,408,0 481,292,686,408,0 691,292,896,408,0 900,292,1105,408,0 1110,292,1315,408,0 271,500,476,599,0 481,500,686,599,0 691,500,896,599,0 900,500,1105,599,0 1110,500,1315,599,0
D:\datasets\dataset_webpage\data\img_segment\img\63\segment\6.png 514,112,584,143,0
D:\datasets\dataset_webpage\data\img_segment\img\64\segment\5.png 71,0,772,122,0 107,213,473,579,0
D:\datasets\dataset_webpage\data\img_segment\img\64\segment\4.png 71,0,772,210,0 71,246,772,599,0
D:\datasets\dataset_webpage\data\img_segment\img\64\segment\8.png 71,0,772,370,0
D:\datasets\dataset_webpage\data\img_segment\img\64\segment\7.png 71,0,772,458,0 71,494,772,599,0
D:\datasets\dataset_webpage\data\img_segment\img\64\segment\3.png 71,0,772,298,0 71,334,772,599,0
D:\datasets\dataset_webpage\data\img_segment\img\64\segment\2.png 71,0,772,386,0 71,422,772,599,0
D:\datasets\dataset_webpage\data\img_segment\img\64\segment\0.png 71,86,772,561,0 71,598,772,599,0
D:\datasets\dataset_webpage\data\img_segment\img\64\segment\1.png 71,0,772,474,0 71,510,772,599,0
D:\datasets\dataset_webpage\data\img_segment\img\64\segment\6.png 107,125,473,491,0 71,582,772,599,0
D:\datasets\dataset_webpage\data\img_segment\img\66\segment\5.png 457,194,483,229,0 917,97,1025,129,0 902,142,1202,225,0 1052,184,1149,217,0 902,226,1202,307,0 1052,266,1173,292,0 902,308,1202,391,0 1052,350,1140,369,0
D:\datasets\dataset_webpage\data\img_segment\img\66\segment\0.png 1171,11,1204,38,0 540,162,564,186,0 183,568,647,599,0 917,512,1006,534,0 918,558,1187,599,0
D:\datasets\dataset_webpage\data\img_segment\img\66\segment\8.png 918,0,1187,40,0 918,183,1187,334,0 1052,259,1099,323,0
D:\datasets\dataset_webpage\data\img_segment\img\66\segment\7.png 917,0,1187,113,0 917,204,1188,371,0 918,473,1187,599,0 1124,483,1152,505,0
D:\datasets\dataset_webpage\data\img_segment\img\66\segment\9.png 457,489,500,524,0
D:\datasets\dataset_webpage\data\img_segment\img\66\segment\2.png 178,227,284,260,0 918,0,1187,72,0
D:\datasets\dataset_webpage\data\img_segment\img\66\segment\1.png 183,0,647,289,0 918,0,1187,138,0 917,470,1059,496,0 918,520,1187,599,0
D:\datasets\dataset_webpage\data\img_segment\img\66\segment\6.png 457,278,500,313,0 917,192,1067,207,0 917,233,1187,599,0
D:\datasets\dataset_webpage\data\img_segment\img\68\segment\0.png 547,49,819,183,0
D:\datasets\dataset_webpage\data\img_segment\img\7\segment\0.png 261,166,361,196,0 377,166,477,196,0 33,34,273,164,0 1063,210,1283,445,0 1063,454,1283,599,0
D:\datasets\dataset_webpage\data\img_segment\img\7\segment\2.png 53,0,287,233,0 300,0,785,233,0 798,0,1283,233,0
D:\datasets\dataset_webpage\data\img_segment\img\7\segment\1.png 1063,0,1283,90,0 368,130,968,170,0 53,190,291,428,0 301,190,539,428,0 549,190,787,428,0 797,190,1035,428,0 1045,190,1283,428,0 53,516,287,599,0 300,516,785,599,0 798,516,1283,599,0
D:\datasets\dataset_webpage\data\img_segment\img\71\segment\0.png 547,49,819,183,0
D:\datasets\dataset_webpage\data\img_segment\img\72\segment\5.png 245,142,297,194,0 546,430,610,453,0 800,433,820,453,0
D:\datasets\dataset_webpage\data\img_segment\img\72\segment\4.png 245,24,297,76,0 245,167,297,219,0 245,318,297,370,0
D:\datasets\dataset_webpage\data\img_segment\img\72\segment\3.png 245,28,297,80,0 245,179,297,231,0 245,330,297,382,0 245,481,297,533,0
D:\datasets\dataset_webpage\data\img_segment\img\72\segment\2.png 245,183,297,235,0 245,334,297,386,0 245,477,297,529,0
D:\datasets\dataset_webpage\data\img_segment\img\72\segment\0.png 18,30,160,85,0 1002,156,1044,170,0 245,350,297,402,0
D:\datasets\dataset_webpage\data\img_segment\img\72\segment\1.png 245,52,297,104,0 245,203,297,255,0 245,346,297,398,0 245,489,297,541,0
D:\datasets\dataset_webpage\data\img_segment\img\74\segment\1.png 1554,61,1574,81,0 1590,61,1610,81,0 1626,61,1646,81,0 2345,59,2365,79,0 2532,70,2541,75,0
D:\datasets\dataset_webpage\data\img_segment\img\78\segment\5.png 124,0,564,200,0 801,0,1241,200,0 66,294,158,494,0 199,294,366,494,0 380,294,553,494,0 567,294,813,494,0 827,294,1074,494,0 1088,294,1330,494,0 1352,294,1481,494,0 1503,294,1738,494,0 1791,294,1858,494,0 1911,294,2158,494,0 2172,294,2317,494,0 2331,294,2544,494,0 59,593,166,599,0 226,593,317,599,0 358,593,534,599,0 548,593,698,599,0 712,593,946,599,0 972,593,1093,599,0 1158,593,1226,599,0 1302,593,1399,599,0 1462,593,1557,599,0 1596,594,1866,599,0 1903,593,2002,599,0 2062,593,2162,599,0 2210,593,2332,599,0 2386,593,2472,599,0 2544,593,2632,599,0
D:\datasets\dataset_webpage\data\img_segment\img\78\segment\4.png 54,65,171,265,0 199,75,469,253,0 483,65,714,265,0 728,116,998,213,0 1012,81,1282,247,0 1296,71,1566,258,0 1580,94,1850,234,0 1864,65,2026,265,0 2040,65,2256,265,0 2270,65,2470,265,0 2484,65,2717,265,0 2734,65,2872,265,0 2890,65,3053,265,0 3067,65,3244,265,0 3258,65,3497,265,0 3511,65,3745,265,0 124,599,564,599,0 801,599,1241,599,0
D:\datasets\dataset_webpage\data\img_segment\img\78\segment\7.png 40,0,284,153,0 298,0,542,153,0 556,0,800,153,0 814,0,1058,153,0 1072,0,1316,153,0 1330,0,1574,153,0 1588,0,1832,153,0 1846,0,2090,153,0 2104,0,2348,153,0 2362,0,2606,153,0 2620,0,2864,153,0
D:\datasets\dataset_webpage\data\img_segment\img\78\segment\3.png 59,0,166,162,0 218,0,325,162,0 358,0,518,162,0 548,0,662,162,0 691,0,861,162,0 892,0,1003,162,0 1051,0,1162,162,0 1212,0,1319,162,0 1352,0,1523,162,0 1553,0,1666,162,0 1712,0,1825,162,0 1860,0,1994,162,0 2030,0,2142,162,0 108,225,1258,548,0
D:\datasets\dataset_webpage\data\img_segment\img\78\segment\2.png 40,2,198,202,0 212,19,482,183,0 506,2,630,202,0 666,2,789,202,0 824,2,948,202,0 973,2,1131,202,0 1145,6,1415,196,0 1440,2,1564,202,0 1600,2,1721,202,0 1758,2,1882,202,0 1916,2,2040,202,0 2065,19,2335,183,0 2349,2,2510,202,0 2534,2,2658,202,0 2683,17,2953,186,0 2978,2,3102,202,0 3136,2,3260,202,0 3285,2,3440,202,0 3454,34,3724,168,0 3738,2,3950,202,0 124,266,564,466,0 801,266,1241,466,0 59,561,166,599,0 218,561,325,599,0 358,561,518,599,0 548,561,662,599,0 691,561,861,599,0 892,561,1003,599,0 1051,561,1162,599,0 1212,561,1319,599,0 1352,561,1523,599,0 1553,561,1666,599,0 1712,561,1825,599,0 1860,561,1994,599,0 2030,561,2142,599,0
D:\datasets\dataset_webpage\data\img_segment\img\78\segment\0.png 966,9,1366,48,0 1299,99,2799,599,0 2665,99,4165,599,0 40,526,316,599,0 385,465,645,599,0 721,465,981,599,0
D:\datasets\dataset_webpage\data\img_segment\img\78\segment\1.png 1299,0,2799,100,0 2665,0,4165,100,0 40,0,316,45,0 385,0,645,126,0 721,0,981,126,0 45,303,180,503,0 204,303,340,503,0 362,303,498,503,0 522,303,658,503,0 680,303,816,503,0 840,303,976,503,0 998,303,1134,503,0 1158,303,1294,503,0 1316,303,1452,503,0 1476,303,1612,503,0 1634,303,1770,503,0 1794,303,1929,503,0 1953,303,2088,503,0 2112,303,2248,503,0 2270,303,2406,503,0 2430,303,2565,503,0 2588,303,2724,503,0 2748,303,2884,503,0 2907,303,3042,503,0
D:\datasets\dataset_webpage\data\img_segment\img\78\segment\6.png 59,0,166,194,0 226,0,317,194,0 358,0,534,194,0 548,0,698,194,0 712,0,946,194,0 972,0,1093,194,0 1158,0,1226,194,0 1302,0,1399,194,0 1462,0,1557,194,0 1596,0,1866,192,0 1903,0,2002,194,0 2062,0,2162,194,0 2210,0,2332,194,0 2386,0,2472,194,0 2544,0,2632,194,0 124,257,564,457,0 801,257,1241,457,0 40,552,284,599,0 298,552,542,599,0 556,552,800,599,0 814,552,1058,599,0 1072,552,1316,599,0 1330,552,1574,599,0 1588,552,1832,599,0 1846,552,2090,599,0 2104,552,2348,599,0 2362,552,2606,599,0 2620,552,2864,599,0
D:\datasets\dataset_webpage\data\img_segment\img\8\segment\0.png 1160,186,1293,262,0 53,283,589,572,0 53,581,221,599,0 231,581,399,599,0 409,581,577,599,0 586,581,754,599,0 764,581,932,599,0 991,339,1034,382,0 1077,339,1120,382,0 1163,339,1206,382,0 1250,339,1293,382,0 993,483,1063,553,0 993,568,1063,599,0
D:\datasets\dataset_webpage\data\img_segment\img\8\segment\2.png 53,0,273,88,0 53,110,273,234,0 53,257,273,477,0 53,500,273,599,0
D:\datasets\dataset_webpage\data\img_segment\img\8\segment\3.png 53,0,273,121,0 485,144,501,160,0
D:\datasets\dataset_webpage\data\img_segment\img\8\segment\1.png 53,0,221,61,0 231,0,399,61,0 409,0,577,61,0 586,0,754,61,0 764,0,932,61,0 53,122,273,246,0 53,269,273,393,0 53,416,273,540,0 53,563,273,599,0 993,0,1063,39,0 993,53,1063,123,0
D:\datasets\dataset_webpage\data\img_segment\img\80\segment\5.png 40,0,206,116,0 228,0,356,116,0 386,0,516,116,0 538,0,740,116,0 754,0,941,116,0 955,0,1110,116,0 1124,0,1394,95,0 1408,0,1601,116,0 1648,0,1728,116,0 1814,0,1879,116,0 1933,0,2121,116,0 2135,0,2378,116,0 2392,0,2662,86,0 2685,0,2812,116,0 2835,0,3008,116,0 45,214,180,414,0 199,220,469,406,0 483,214,659,414,0 673,214,831,414,0 845,240,1115,387,0 1129,237,1399,389,0 1413,242,1683,384,0 1697,217,1967,409,0 1981,214,2157,414,0 2171,224,2441,403,0 2455,271,2725,355,0 124,478,564,599,0 801,478,1241,599,0
D:\datasets\dataset_webpage\data\img_segment\img\80\segment\4.png 124,220,564,420,0 801,220,1241,420,0 40,515,206,599,0 228,515,356,599,0 386,515,516,599,0 538,515,740,599,0 754,515,941,599,0 955,515,1110,599,0 1124,534,1394,599,0 1408,515,1601,599,0 1648,515,1728,599,0 1814,515,1879,599,0 1933,515,2121,599,0 2135,515,2378,599,0 2392,543,2662,599,0 2685,515,2812,599,0 2835,515,3008,599,0
D:\datasets\dataset_webpage\data\img_segment\img\80\segment\3.png 48,0,178,188,0 199,0,367,188,0 381,14,651,159,0 705,0,770,188,0 824,0,1094,186,0 1118,0,1243,188,0 1277,0,1402,188,0 1426,1,1696,171,0 1750,0,1814,188,0 1869,10,2139,162,0 2195,0,2256,188,0 2312,23,2582,150,0 2596,3,2866,169,0 2880,9,3150,164,0 3164,34,3434,139,0 3448,33,3718,139,0 40,286,290,486,0 304,320,574,450,0 606,286,716,486,0 747,294,1017,477,0 1031,286,1231,486,0 1250,286,1386,486,0 1404,286,1593,486,0 1607,286,1785,486,0 1799,286,1982,486,0 1996,286,2239,486,0 2253,312,2523,458,0 2537,289,2807,482,0 2821,286,3004,486,0 3018,326,3288,445,0 3302,286,3551,486,0 3588,286,3687,486,0 3724,322,3994,449,0
D:\datasets\dataset_webpage\data\img_segment\img\80\segment\2.png 40,28,258,228,0 272,28,458,228,0 472,28,672,228,0 686,42,956,212,0 970,28,1197,228,0 1238,28,1330,228,0 1370,54,1640,201,0 1654,28,1858,228,0 1872,28,2095,228,0 2109,28,2259,228,0 2273,42,2543,213,0 2557,28,2761,228,0 2775,28,2980,228,0 2994,28,3201,228,0 3215,28,3443,228,0 3457,28,3626,228,0 3640,28,3858,228,0 3872,28,4140,228,0 124,292,564,492,0 801,292,1241,492,0 48,587,178,599,0 199,587,367,599,0 705,587,770,599,0 824,588,1094,599,0 1118,587,1243,599,0 1277,587,1402,599,0 1750,587,1814,599,0 2195,587,2256,599,0
D:\datasets\dataset_webpage\data\img_segment\img\80\segment\0.png 966,9,1366,48,0 1299,99,2799,599,0 2665,99,4165,599,0 4031,99,5531,599,0 49,411,168,530,0 188,411,307,530,0 49,542,168,599,0 188,542,307,599,0 382,421,508,520,0 520,421,646,520,0 382,552,508,599,0 520,552,646,599,0 721,406,981,599,0
D:\datasets\dataset_webpage\data\img_segment\img\80\segment\1.png 1299,0,2799,100,0 2665,0,4165,100,0 4031,0,5531,100,0 49,0,168,62,0 188,0,307,62,0 382,0,508,52,0 520,0,646,52,0 721,0,981,67,0 76,244,170,444,0 252,244,344,444,0 424,244,521,444,0 596,244,698,444,0 740,244,993,444,0 1013,244,1158,444,0 1212,244,1310,444,0 1357,244,1554,444,0 1564,244,1758,444,0 1768,244,1960,444,0 1980,244,2124,444,0 2182,244,2274,444,0 2320,244,2504,444,0 2514,244,2733,444,0 2743,244,2909,444,0
D:\datasets\dataset_webpage\data\img_segment\img\80\segment\6.png 124,0,564,79,0 801,0,1241,79,0 56,173,170,373,0 210,173,333,373,0 369,173,492,373,0 534,173,646,373,0 687,173,810,373,0 835,173,1038,373,0 1052,173,1255,373,0 1269,173,1467,373,0 1481,173,1684,373,0 1698,173,1898,373,0
D:\datasets\dataset_webpage\data\img_segment\img\81\segment\0.png 490,83,513,99,0 680,83,703,99,0 961,83,984,99,0 276,128,1090,168,0 358,281,371,294,0 408,273,508,301,0 113,470,1253,599,0
D:\datasets\dataset_webpage\data\img_segment\img\81\segment\1.png 113,0,1253,145,0
D:\datasets\dataset_webpage\data\img_segment\img\83\segment\0.png 137,0,357,25,0 210,109,550,201,0
D:\datasets\dataset_webpage\data\img_segment\img\83\segment\2.png 177,228,497,328,0
D:\datasets\dataset_webpage\data\img_segment\img\83\segment\3.png 137,123,387,157,0
D:\datasets\dataset_webpage\data\img_segment\img\83\segment\1.png 177,422,497,522,0
D:\datasets\dataset_webpage\data\img_segment\img\84\segment\0.png 547,49,819,183,0
D:\datasets\dataset_webpage\data\img_segment\img\85\segment\4.png 144,541,244,571,0 638,29,651,40,0 410,233,419,242,0 583,233,592,242,0 756,233,765,242,0 929,233,938,242,0 1102,233,1111,242,0 1275,233,1284,242,0 1448,233,1457,242,0 1621,233,1630,242,0 853,129,878,154,0 886,129,911,154,0 896,340,913,362,0 638,480,651,491,0
D:\datasets\dataset_webpage\data\img_segment\img\85\segment\13.png 638,0,651,4,0 638,166,651,177,0 638,332,651,343,0 638,472,651,483,0
D:\datasets\dataset_webpage\data\img_segment\img\85\segment\12.png 493,52,506,63,0 638,242,651,253,0 638,434,651,445,0 638,592,651,599,0
D:\datasets\dataset_webpage\data\img_segment\img\85\segment\8.png 493,102,506,113,0 638,301,651,312,0 638,467,651,478,0
D:\datasets\dataset_webpage\data\img_segment\img\85\segment\14.png 638,38,651,49,0 638,230,651,241,0 638,388,651,399,0 638,536,651,547,0
D:\datasets\dataset_webpage\data\img_segment\img\85\segment\9.png 493,46,506,57,0 638,210,651,221,0 638,402,651,413,0 638,568,651,579,0
D:\datasets\dataset_webpage\data\img_segment\img\85\segment\15.png 638,102,651,113,0 153,286,306,319,0 1064,286,1099,321,0 1102,286,1137,321,0 1140,286,1175,321,0 1178,286,1213,321,0
D:\datasets\dataset_webpage\data\img_segment\img\85\segment\6.png 834,195,903,255,0
D:\datasets\dataset_webpage\data\img_segment\img\85\segment\5.png 1039,325,1139,360,0 171,562,371,593,0 638,46,651,57,0 638,266,651,277,0 638,406,651,417,0
D:\datasets\dataset_webpage\data\img_segment\img\85\segment\0.png 133,62,493,157,0
D:\datasets\dataset_webpage\data\img_segment\img\85\segment\11.png 638,0,651,11,0 638,166,651,177,0 638,314,651,325,0 638,506,651,517,0
D:\datasets\dataset_webpage\data\img_segment\img\85\segment\7.png 638,16,651,27,0 638,182,651,193,0 638,348,651,359,0 638,514,651,525,0
D:\datasets\dataset_webpage\data\img_segment\img\85\segment\2.png 1116,182,1131,192,0 638,378,651,389,0 638,544,651,555,0
D:\datasets\dataset_webpage\data\img_segment\img\85\segment\3.png 638,128,651,139,0 493,307,506,318,0 638,497,651,508,0
D:\datasets\dataset_webpage\data\img_segment\img\85\segment\1.png 679,94,694,107,0 993,489,1173,513,0
D:\datasets\dataset_webpage\data\img_segment\img\85\segment\10.png 638,416,651,427,0
D:\datasets\dataset_webpage\data\img_segment\img\86\segment\0.png 160,330,460,599,0 480,330,780,599,0 800,330,1100,599,0 1120,330,1420,599,0 158,110,222,174,0 158,229,222,293,0 243,274,783,599,0
D:\datasets\dataset_webpage\data\img_segment\img\86\segment\2.png 160,0,460,38,0 160,147,460,347,0 480,73,780,428,0 800,0,1100,5,0 800,114,1100,467,0 1120,71,1420,521,0 243,0,783,339,0
D:\datasets\dataset_webpage\data\img_segment\img\86\segment\3.png 160,31,460,396,0
D:\datasets\dataset_webpage\data\img_segment\img\86\segment\1.png 1330,85,1354,109,0 160,0,460,70,0 160,179,460,599,0 480,0,780,106,0 480,215,780,563,0 800,0,1100,195,0 800,304,1100,599,0 1120,0,1420,30,0 1120,139,1420,561,0 243,0,783,104,0 253,173,278,198,0 748,173,773,198,0 158,218,222,282,0 243,263,783,599,0 1330,131,1354,155,0
D:\datasets\dataset_webpage\data\img_segment\img\87\segment\5.png 124,0,564,200,0 801,0,1241,200,0 56,294,169,494,0 212,294,332,494,0 358,294,505,494,0 537,294,646,494,0 693,294,808,494,0 842,294,978,494,0 998,294,1140,494,0 1164,294,1292,494,0 1332,294,1440,494,0 1488,294,1602,494,0 1632,294,1832,494,0 1846,294,2004,494,0 2035,294,2146,494,0 2188,294,2311,494,0 2344,294,2472,494,0 40,593,240,599,0 254,593,454,599,0 468,593,668,599,0 682,593,882,599,0 896,593,1096,599,0 1110,593,1310,599,0 1324,593,1524,599,0 1538,593,1738,599,0 1752,593,1952,599,0 1966,593,2166,599,0 2180,593,2380,599,0 2394,593,2594,599,0 2608,593,2808,599,0 2822,593,3022,599,0 3036,593,3236,599,0
D:\datasets\dataset_webpage\data\img_segment\img\87\segment\4.png 40,66,310,263,0 324,66,594,263,0 608,66,878,263,0 892,65,1043,265,0 1057,65,1309,265,0 1323,109,1593,220,0 1607,65,1843,265,0 1857,65,2086,265,0 2100,94,2370,235,0 2414,65,2500,265,0 2543,65,2773,265,0 2787,65,2938,265,0 2952,65,3103,265,0 3117,65,3315,265,0 3329,65,3595,265,0 3609,65,3809,265,0 3823,65,4006,265,0 4020,66,4290,262,0 4304,84,4574,244,0 4588,107,4858,221,0 124,599,564,599,0 801,599,1241,599,0
D:\datasets\dataset_webpage\data\img_segment\img\87\segment\7.png 40,0,247,153,0 264,0,404,153,0 458,0,528,153,0 579,0,739,153,0 753,0,1023,151,0 1043,0,1176,153,0 1196,0,1408,153,0 1422,0,1692,145,0 1734,0,1823,153,0 1865,0,2010,153,0 2024,0,2229,153,0 2243,0,2461,153,0 2475,0,2664,153,0 2692,0,2810,153,0 2837,0,2992,153,0 3047,0,3110,153,0 3165,0,3435,113,0 3449,0,3602,153,0 3616,0,3835,153,0 3849,0,4110,153,0
D:\datasets\dataset_webpage\data\img_segment\img\87\segment\3.png 40,0,237,162,0 251,0,448,162,0 462,0,658,162,0 672,0,869,162,0 883,0,1079,162,0 1093,0,1290,162,0 1304,0,1500,162,0 1514,0,1711,162,0 1725,0,1922,162,0 1936,0,2133,162,0 2147,0,2343,162,0 2357,0,2554,162,0 2568,0,2764,162,0 2778,0,2974,162,0 2988,0,3185,162,0 3199,0,3395,162,0 3409,0,3605,162,0 3619,0,3816,162,0 3830,0,4026,162,0 108,225,1258,548,0
D:\datasets\dataset_webpage\data\img_segment\img\87\segment\2.png 52,2,173,202,0 204,2,338,202,0 368,2,494,202,0 546,2,634,202,0 688,2,810,202,0 843,2,972,202,0 994,42,1264,162,0 1278,2,1434,202,0 1448,2,1607,202,0 1621,2,1778,202,0 1792,2,2043,202,0 2057,2,2278,202,0 2292,2,2451,202,0 2465,34,2735,168,0 2768,2,2876,202,0 2909,2,3052,202,0 3067,2,3264,202,0 124,266,564,466,0 801,266,1241,466,0 40,561,237,599,0 251,561,448,599,0 462,561,658,599,0 672,561,869,599,0 883,561,1079,599,0 1093,561,1290,599,0 1304,561,1500,599,0 1514,561,1711,599,0 1725,561,1922,599,0 1936,561,2133,599,0 2147,561,2343,599,0 2357,561,2554,599,0 2568,561,2764,599,0 2778,561,2974,599,0 2988,561,3185,599,0 3199,561,3395,599,0 3409,561,3605,599,0 3619,561,3816,599,0 3830,561,4026,599,0
D:\datasets\dataset_webpage\data\img_segment\img\87\segment\0.png 966,9,1366,48,0 1366,99,2732,329,0 2665,99,4165,599,0 4031,99,5531,599,0 48,465,308,599,0 406,496,623,599,0 721,465,981,599,0
D:\datasets\dataset_webpage\data\img_segment\img\87\segment\1.png 2665,0,4165,100,0 4031,0,5531,100,0 48,0,308,126,0 406,0,623,75,0 721,0,981,126,0 66,303,160,503,0 199,303,345,503,0 392,303,472,503,0 554,303,628,503,0 690,303,810,503,0 862,303,956,503,0 1000,303,1136,503,0 1154,303,1352,503,0 1402,303,1476,503,0 1566,303,1629,503,0 1726,303,1787,503,0 1870,303,1961,503,0 2008,303,2141,503,0 2165,303,2302,503,0
D:\datasets\dataset_webpage\data\img_segment\img\87\segment\6.png 40,0,240,194,0 254,0,454,194,0 468,0,668,194,0 682,0,882,194,0 896,0,1096,194,0 1110,0,1310,194,0 1324,0,1524,194,0 1538,0,1738,194,0 1752,0,1952,194,0 1966,0,2166,194,0 2180,0,2380,194,0 2394,0,2594,194,0 2608,0,2808,194,0 2822,0,3022,194,0 3036,0,3236,194,0 124,257,564,457,0 801,257,1241,457,0 40,552,247,599,0 264,552,404,599,0 458,552,528,599,0 579,552,739,599,0 753,553,1023,599,0 1043,552,1176,599,0 1196,552,1408,599,0 1422,558,1692,599,0 1734,552,1823,599,0 1865,552,2010,599,0 2024,552,2229,599,0 2243,552,2461,599,0 2475,552,2664,599,0 2692,552,2810,599,0 2837,552,2992,599,0 3047,552,3110,599,0 3165,590,3435,599,0 3449,552,3602,599,0 3616,552,3835,599,0 3849,552,4110,599,0
D:\datasets\dataset_webpage\data\img_segment\img\9\segment\5.png 124,239,564,439,0 801,239,1241,439,0 40,534,265,599,0 275,534,489,599,0 499,534,708,599,0 718,595,988,599,0 998,534,1210,599,0 1220,534,1429,599,0 1439,534,1664,599,0 1674,534,1934,599,0 1944,534,2182,599,0 2192,534,2457,599,0 2467,534,2720,599,0 2730,534,2957,599,0 2967,534,3185,599,0 3195,534,3384,599,0 3394,534,3580,599,0 3590,575,3860,599,0 3870,534,4021,599,0 4031,534,4240,599,0 4250,534,4517,599,0 4527,534,4742,599,0
D:\datasets\dataset_webpage\data\img_segment\img\9\segment\4.png 108,0,1258,189,0 57,305,168,505,0 195,305,385,505,0 416,305,520,505,0 588,305,656,505,0 705,305,859,505,0 869,305,1046,505,0 1056,305,1200,505,0 1211,305,1361,505,0 1371,310,1641,499,0 1651,305,1888,505,0 1898,345,2168,465,0 2178,305,2348,505,0 2403,305,2458,505,0 2513,305,2782,505,0 2792,305,3013,505,0 3023,305,3259,505,0 3306,305,3377,505,0 3443,305,3550,505,0 3579,322,3849,486,0 3859,305,4034,505,0
D:\datasets\dataset_webpage\data\img_segment\img\9\segment\7.png 124,0,564,98,0 801,0,1241,98,0 79,192,146,392,0 223,192,312,392,0 350,230,620,352,0 664,192,741,392,0 785,224,1055,360,0 1072,192,1202,392,0 1251,192,1334,392,0 1410,192,1484,392,0 1564,192,1641,392,0 1685,213,1955,369,0
D:\datasets\dataset_webpage\data\img_segment\img\9\segment\3.png 124,0,564,107,0 801,0,1241,107,0 40,201,202,401,0 212,201,374,401,0 384,201,544,401,0 554,201,719,401,0 729,201,874,401,0 884,201,1033,401,0 1043,201,1201,401,0 1211,201,1366,401,0 1376,201,1534,401,0 1544,201,1701,401,0 1711,201,1875,401,0 1890,201,2025,401,0 2040,201,2185,401,0 2195,201,2357,401,0 2367,201,2517,401,0 2527,201,2684,401,0 2699,201,2834,401,0 2849,201,2998,401,0 3008,201,3166,401,0 3176,201,3321,401,0 108,465,1258,599,0
D:\datasets\dataset_webpage\data\img_segment\img\9\segment\2.png 66,0,159,144,0 232,0,304,144,0 362,0,484,144,0 505,0,713,144,0 762,0,830,144,0 892,0,1008,144,0 1033,0,1303,110,0 1318,0,1453,144,0 1468,0,1645,144,0 1655,0,1925,117,0 1935,0,2105,144,0 2115,0,2385,135,0 2404,0,2530,144,0 2550,0,2820,90,0 2830,0,3023,144,0 3042,0,3169,144,0 3215,0,3306,144,0 3356,0,3475,144,0 3533,0,3608,144,0 3653,0,3833,144,0 40,242,221,442,0 231,242,434,442,0 458,242,575,442,0 599,242,764,442,0 796,242,897,442,0 929,242,1113,442,0 1150,242,1242,442,0 1320,242,1380,442,0 1433,242,1595,442,0 1605,242,1789,442,0 1799,242,1954,442,0 1964,242,2218,442,0 2228,242,2398,442,0 2408,242,2646,442,0 2656,242,2863,442,0 2888,242,3003,442,0 3028,242,3208,442,0 3218,242,3427,442,0 3437,242,3636,442,0 3646,242,3909,442,0 124,506,564,599,0 801,506,1241,599,0
D:\datasets\dataset_webpage\data\img_segment\img\9\segment\0.png 966,9,1366,48,0 1299,99,2799,599,0 2665,99,4165,599,0 4031,99,5531,599,0 48,406,308,599,0 419,411,470,530,0 564,411,604,530,0 423,542,466,599,0 561,542,606,599,0 718,430,844,510,0 857,441,983,500,0 718,573,844,599,0 857,550,983,599,0
D:\datasets\dataset_webpage\data\img_segment\img\9\segment\1.png 1299,0,2799,100,0 2665,0,4165,100,0 4031,0,5531,100,0 48,0,308,67,0 423,0,466,62,0 561,0,606,62,0 718,0,844,31,0 857,0,983,53,0 40,244,240,444,0 254,244,454,444,0 468,244,668,444,0 682,244,882,444,0 896,244,1096,444,0 1110,244,1310,444,0 1324,244,1524,444,0 66,543,159,599,0 232,543,304,599,0 362,543,484,599,0 505,543,713,599,0 762,543,830,599,0 892,543,1008,599,0 1033,576,1303,599,0 1318,543,1453,599,0 1468,543,1645,599,0 1655,568,1925,599,0 1935,543,2105,599,0 2115,551,2385,599,0 2404,543,2530,599,0 2550,596,2820,599,0 2830,543,3023,599,0 3042,543,3169,599,0 3215,543,3306,599,0 3356,543,3475,599,0 3533,543,3608,599,0 3653,543,3833,599,0
D:\datasets\dataset_webpage\data\img_segment\img\9\segment\6.png 40,0,265,135,0 275,0,489,135,0 499,0,708,135,0 718,0,988,73,0 998,0,1210,135,0 1220,0,1429,135,0 1439,0,1664,135,0 1674,0,1934,135,0 1944,0,2182,135,0 2192,0,2457,135,0 2467,0,2720,135,0 2730,0,2957,135,0 2967,0,3185,135,0 3195,0,3384,135,0 3394,0,3580,135,0 3590,0,3860,93,0 3870,0,4021,135,0 4031,0,4240,135,0 4250,0,4517,135,0 4527,0,4742,135,0 40,233,256,433,0 266,233,507,433,0 522,233,656,433,0 718,233,772,433,0 827,233,1079,433,0 1089,233,1319,433,0 1329,233,1567,433,0 1577,233,1845,433,0 1855,233,2052,433,0 2064,233,2205,433,0 2217,285,2487,380,0 2497,241,2767,424,0 2786,233,2913,433,0 2953,233,3056,433,0 3087,233,3313,433,0 3323,266,3593,398,0 124,497,564,599,0 801,497,1241,599,0
D:\datasets\dataset_webpage\data\img_segment\img\90\segment\0.png 547,49,819,183,0
D:\datasets\dataset_webpage\data\img_segment\img\91\segment\4.png 59,0,885,82,0 59,97,323,246,0 340,97,604,246,0 621,97,885,246,0 59,370,323,519,0 340,370,604,519,0 621,370,885,519,0
D:\datasets\dataset_webpage\data\img_segment\img\91\segment\8.png 480,0,1306,438,0 480,453,744,599,0 761,453,1025,599,0 1042,453,1306,599,0 91,44,147,100,0 91,164,147,220,0 91,284,147,340,0 91,404,147,460,0 91,524,147,580,0
D:\datasets\dataset_webpage\data\img_segment\img\91\segment\9.png 480,0,744,3,0 761,0,1025,3,0 1042,0,1306,3,0 480,126,744,275,0 761,126,1025,275,0 1042,126,1306,275,0 91,44,147,100,0 91,164,147,220,0 91,284,147,340,0 59,477,675,599,0 691,477,1307,599,0
D:\datasets\dataset_webpage\data\img_segment\img\91\segment\6.png 59,51,1307,599,0
D:\datasets\dataset_webpage\data\img_segment\img\91\segment\5.png 59,121,675,467,0 691,121,1307,467,0
D:\datasets\dataset_webpage\data\img_segment\img\91\segment\0.png 59,238,675,584,0 691,238,991,407,0 1007,238,1307,407,0 691,414,991,583,0 1007,414,1307,583,0
D:\datasets\dataset_webpage\data\img_segment\img\91\segment\11.png 59,0,675,78,0 691,0,1307,78,0 59,94,464,322,0 480,94,885,322,0 902,94,1307,322,0
D:\datasets\dataset_webpage\data\img_segment\img\91\segment\7.png 59,0,1307,152,0 91,224,275,327,0 491,224,675,327,0 891,224,1075,327,0 1291,224,1475,327,0 1691,224,1875,327,0 480,572,1306,599,0
D:\datasets\dataset_webpage\data\img_segment\img\91\segment\2.png 59,160,115,216,0 175,160,231,216,0 291,160,347,216,0 407,160,463,216,0 59,380,464,599,0 480,380,885,599,0 902,380,1307,599,0 0,256,1366,599,0
D:\datasets\dataset_webpage\data\img_segment\img\91\segment\3.png 59,0,464,9,0 480,0,885,9,0 902,0,1307,9,0 0,0,1366,140,0 59,216,885,599,0
D:\datasets\dataset_webpage\data\img_segment\img\91\segment\1.png 59,68,323,217,0 340,68,604,217,0 621,68,885,217,0 59,381,323,530,0 340,381,604,530,0 621,381,885,530,0
D:\datasets\dataset_webpage\data\img_segment\img\91\segment\10.png 59,0,675,224,0 691,0,1307,224,0 59,331,675,599,0 691,331,1307,599,0
D:\datasets\dataset_webpage\data\img_segment\img\92\segment\5.png 138,0,401,67,0 417,0,680,67,0 696,0,959,67,0 975,0,1238,67,0 1254,0,1517,67,0 1533,0,1796,67,0
D:\datasets\dataset_webpage\data\img_segment\img\92\segment\4.png 138,469,401,599,0 417,469,680,599,0 696,469,959,599,0 975,469,1238,599,0 1254,469,1517,599,0 1533,469,1796,599,0
D:\datasets\dataset_webpage\data\img_segment\img\92\segment\7.png 328,396,419,422,0 462,396,553,422,0 596,396,675,422,0 718,396,788,422,0 831,396,940,422,0 983,396,1078,422,0
D:\datasets\dataset_webpage\data\img_segment\img\92\segment\3.png 133,0,672,151,0 687,0,1226,151,0
D:\datasets\dataset_webpage\data\img_segment\img\92\segment\2.png 133,95,487,415,0 502,95,856,415,0 871,95,1225,415,0 133,430,672,599,0 687,430,1226,599,0
D:\datasets\dataset_webpage\data\img_segment\img\92\segment\0.png 135,7,280,31,0 896,15,914,33,0 158,454,254,550,0
D:\datasets\dataset_webpage\data\img_segment\img\92\segment\1.png 133,77,340,257,0 356,77,563,257,0 579,77,786,257,0 803,77,1010,257,0 1026,77,1233,257,0 1249,77,1456,257,0 1472,77,1679,257,0 1695,77,1902,257,0 1918,77,2125,257,0 2142,77,2349,257,0 2365,77,2572,257,0 2588,77,2795,257,0 2811,77,3018,257,0 3034,77,3241,257,0 3258,77,3465,257,0 3481,77,3688,257,0 3704,77,3911,257,0 3927,77,4134,257,0 4150,77,4357,257,0 4374,77,4581,257,0 4597,77,4804,257,0 4820,77,5027,257,0 5043,77,5250,257,0 158,416,254,512,0
D:\datasets\dataset_webpage\data\img_segment\img\93\segment\4.png 447,0,573,43,0 577,0,703,43,0 707,0,833,43,0
D:\datasets\dataset_webpage\data\img_segment\img\93\segment\8.png 736,0,1195,298,0
D:\datasets\dataset_webpage\data\img_segment\img\93\segment\7.png 736,0,1195,423,0 736,438,1195,599,0
D:\datasets\dataset_webpage\data\img_segment\img\93\segment\3.png 626,0,786,78,0 447,394,573,599,0 577,394,703,599,0 707,394,833,599,0
D:\datasets\dataset_webpage\data\img_segment\img\93\segment\2.png 626,517,786,599,0
D:\datasets\dataset_webpage\data\img_segment\img\93\segment\6.png 736,563,1195,599,0
D:\datasets\dataset_webpage\data\img_segment\img\95\segment\0.png 390,27,976,284,0
D:\datasets\dataset_webpage\data\img_segment\img\96\segment\4.png 59,0,885,82,0 59,97,323,246,0 340,97,604,246,0 621,97,885,246,0 59,370,323,519,0 340,370,604,519,0 621,370,885,519,0
D:\datasets\dataset_webpage\data\img_segment\img\96\segment\8.png 480,0,1306,438,0 480,453,744,599,0 761,453,1025,599,0 1042,453,1306,599,0 91,44,147,100,0 91,164,147,220,0 91,284,147,340,0 91,404,147,460,0 91,524,147,580,0
D:\datasets\dataset_webpage\data\img_segment\img\96\segment\9.png 480,0,744,3,0 761,0,1025,3,0 1042,0,1306,3,0 480,126,744,275,0 761,126,1025,275,0 1042,126,1306,275,0 91,44,147,100,0 91,164,147,220,0 91,284,147,340,0 59,477,675,599,0 691,477,1307,599,0
D:\datasets\dataset_webpage\data\img_segment\img\96\segment\6.png 59,51,1307,599,0
D:\datasets\dataset_webpage\data\img_segment\img\96\segment\5.png 59,121,675,467,0 691,121,1307,467,0
D:\datasets\dataset_webpage\data\img_segment\img\96\segment\0.png 59,238,675,584,0 691,238,991,407,0 1007,238,1307,407,0 691,414,991,583,0 1007,414,1307,583,0
D:\datasets\dataset_webpage\data\img_segment\img\96\segment\11.png 59,0,675,78,0 691,0,1307,78,0 59,94,464,322,0 480,94,885,322,0 902,94,1307,322,0
D:\datasets\dataset_webpage\data\img_segment\img\96\segment\7.png 59,0,1307,154,0 91,224,275,327,0 491,224,675,327,0 891,224,1075,327,0 1291,224,1475,327,0 1691,224,1875,327,0 480,572,1306,599,0
D:\datasets\dataset_webpage\data\img_segment\img\96\segment\2.png 59,160,115,216,0 175,160,231,216,0 291,160,347,216,0 407,160,463,216,0 59,380,464,599,0 480,380,885,599,0 902,380,1307,599,0 0,256,1366,599,0
D:\datasets\dataset_webpage\data\img_segment\img\96\segment\3.png 59,0,464,9,0 480,0,885,9,0 902,0,1307,9,0 0,0,1366,140,0 59,216,885,599,0
D:\datasets\dataset_webpage\data\img_segment\img\96\segment\1.png 59,68,323,217,0 340,68,604,217,0 621,68,885,217,0 59,381,323,530,0 340,381,604,530,0 621,381,885,530,0
D:\datasets\dataset_webpage\data\img_segment\img\96\segment\10.png 59,0,675,224,0 691,0,1307,224,0 59,331,675,599,0 691,331,1307,599,0
D:\datasets\dataset_webpage\data\img_segment\img\97\segment\0.png 547,49,819,183,0
D:\datasets\dataset_webpage\data\img_segment\img\98\segment\0.png 464,275,494,305,0
D:\datasets\dataset_webpage\data\img_segment\img\98\segment\1.png 588,172,726,198,0
D:\datasets\dataset_webpage\data\img_segment\img\99\segment\4.png 242,20,392,125,0 280,196,303,226,0 303,197,308,226,0 308,196,331,226,0 331,196,354,226,0 354,196,377,226,0 377,211,392,226,0 411,20,561,125,0 449,196,472,226,0 472,197,477,226,0 477,196,500,226,0 500,196,523,226,0 523,196,546,226,0 546,211,561,226,0 579,20,729,125,0 645,196,668,226,0 668,196,691,226,0 691,196,714,226,0 714,211,729,226,0 748,20,898,125,0 786,196,809,226,0 809,197,814,226,0 814,196,837,226,0 837,196,860,226,0 860,196,883,226,0 883,211,898,226,0 917,20,1067,125,0 955,196,978,226,0 978,197,983,226,0 983,196,1006,226,0 1006,196,1029,226,0 1029,196,1052,226,0 1052,211,1067,226,0 242,329,342,429,0 363,329,463,429,0 483,329,583,429,0 603,329,703,429,0 724,329,824,429,0 844,329,944,429,0 965,329,1065,429,0
D:\datasets\dataset_webpage\data\img_segment\img\99\segment\9.png 413,0,953,82,0
D:\datasets\dataset_webpage\data\img_segment\img\99\segment\8.png 413,567,953,599,0
D:\datasets\dataset_webpage\data\img_segment\img\99\segment\7.png 932,46,1060,84,0 1063,26,1129,93,0 1136,46,1264,84,0 1268,26,1334,93,0
D:\datasets\dataset_webpage\data\img_segment\img\99\segment\3.png 242,68,342,168,0 363,68,463,168,0 483,68,583,168,0 603,68,703,168,0 724,68,824,168,0 844,68,944,168,0 965,68,1065,168,0 242,370,372,500,0 383,370,513,500,0 523,370,653,500,0 664,370,794,500,0 804,370,934,500,0 945,370,1075,500,0
D:\datasets\dataset_webpage\data\img_segment\img\99\segment\2.png 242,0,412,165,0 411,0,581,165,0 579,0,749,165,0 748,0,918,165,0 917,0,1087,165,0 240,319,353,349,0 354,319,467,349,0 468,319,581,349,0 582,319,695,349,0 696,319,809,349,0 810,319,923,349,0 924,319,1037,349,0 242,354,261,373,0 246,412,341,507,0 245,559,255,569,0 255,559,265,569,0 265,559,275,569,0 275,559,285,569,0 285,559,295,569,0 352,412,447,507,0 351,559,361,569,0 361,559,371,569,0 371,559,381,569,0 381,559,391,569,0 391,559,401,569,0 458,412,553,507,0 457,559,467,569,0 467,559,477,569,0 477,559,487,569,0 487,559,497,569,0 497,559,507,569,0 564,412,659,507,0 563,559,573,569,0 573,559,583,569,0 583,559,593,569,0 593,559,603,569,0 603,559,613,569,0 670,412,765,507,0 669,559,679,569,0 679,559,689,569,0 689,559,699,569,0 699,559,709,569,0 709,559,719,569,0 776,412,871,507,0 775,559,785,569,0 785,559,795,569,0 795,559,805,569,0 805,559,815,569,0 815,559,825,569,0 882,412,977,507,0 881,559,891,569,0 891,559,901,569,0 901,559,911,569,0 911,559,921,569,0 921,559,931,569,0 988,412,1083,507,0 987,559,997,569,0 997,559,1007,569,0 1007,559,1017,569,0 1017,559,1027,569,0 1027,559,1037,569,0 1124,0,1339,172,0
D:\datasets\dataset_webpage\data\img_segment\img\99\segment\0.png 43,385,203,485,0 205,385,365,485,0 369,385,529,485,0 532,385,692,485,0 694,385,854,485,0 859,385,1019,485,0 1021,385,1181,485,0 1186,385,1346,485,0 1348,385,1508,485,0 1512,385,1672,485,0 1675,385,1835,485,0 1837,385,1997,485,0 1999,385,2159,485,0 2163,385,2323,485,0 2326,385,2486,485,0 2489,385,2649,485,0 2651,385,2811,485,0 2813,385,2973,485,0 2975,385,3135,485,0 3139,385,3299,485,0 3302,385,3462,485,0 3465,385,3625,485,0 3627,385,3787,485,0 3789,385,3949,485,0 3953,385,4113,485,0 4116,385,4276,485,0 4278,385,4438,485,0 4440,385,4600,485,0 4602,385,4762,485,0 544,385,823,485,0 262,501,432,599,0 471,501,641,599,0 680,501,850,599,0 889,501,1059,599,0 27,501,197,599,0 1124,501,1339,599,0
D:\datasets\dataset_webpage\data\img_segment\img\99\segment\1.png 262,0,432,72,0 471,0,641,72,0 680,0,850,72,0 889,0,1059,72,0 242,224,372,354,0 247,359,367,407,0 383,224,513,354,0 388,359,508,407,0 523,224,653,354,0 528,359,648,407,0 664,224,794,354,0 669,359,789,407,0 804,224,934,354,0 809,359,929,407,0 945,224,1075,354,0 950,359,1070,407,0 242,549,381,579,0 242,594,412,599,0 411,594,581,599,0 579,594,749,599,0 748,594,918,599,0 917,594,1087,599,0 27,0,197,32,0 1124,0,1339,47,0 1124,56,1339,201,0 1124,211,1339,301,0 1161,358,1301,498,0 1124,556,1339,599,0
D:\datasets\dataset_webpage\data\img_segment\img\99\segment\6.png 63,270,237,300,0 63,306,237,480,0 276,270,450,300,0 276,306,450,480,0 490,270,664,300,0 490,306,664,480,0 704,270,878,300,0 704,306,878,480,0 918,270,1092,300,0 918,306,1092,480,0 1131,270,1305,300,0 1131,306,1305,480,0
