./data/303/0.png 595,235,771,273,0 474,157,892,197,0 474,58,892,104,1 474,104,893,149,1
./data/304/0.png 427,209,938,241,1 565,248,676,280,0 680,250,806,282,0
./data/305/0.png 261,9,897,47,1 896,8,942,47,0 215,8,263,47,2
./data/306/0.png 229,9,815,38,1 812,7,881,41,0 1279,9,1337,38,0 22,543,78,572,0
./data/307/1.png 391,549,594,586,0
./data/309/0.png 454,447,849,493,1 849,448,906,496,0 792,448,848,492,2 544,526,822,562,2
./data/311/0.png 286,42,844,91,1 843,43,934,90,0 1099,54,1180,81,0
./data/312/0.png 751,197,1017,229,0 749,283,1019,322,1 751,327,1018,365,1 752,371,1018,409,1 752,415,1019,453,1 751,469,1016,499,0
./data/315/3.png 431,102,667,160,0
./data/315/0.png 1142,11,1246,52,0
./data/315/2.png 598,59,738,114,0
./data/315/1.png 1000,303,1090,361,0 1095,303,1251,361,0
./data/316/0.png 1147,38,1235,80,0 277,38,962,80,1 961,38,1143,78,2 1147,38,1235,80,0 277,38,962,80,1 961,38,1143,78,2 59,443,222,485,0
./data/320/3.png 942,452,1234,485,2 1016,361,1160,394,0
./data/320/0.png 1128,25,1237,54,1
./data/321/0.png 212,65,969,116,1 981,65,1030,117,0 1039,64,1091,116,0 1100,65,1153,117,0 872,426,1133,489,0
./data/322/0.png 333,28,922,77,1 922,28,1033,75,0 333,28,922,77,1 922,28,1033,75,0 274,323,443,372,0
./data/322/2.png 381,152,661,188,0 881,18,980,42,0 880,63,978,86,0 882,108,980,132,0 881,154,980,177,0
./data/323/0.png 1242,16,1325,50,0
./data/324/0.png 455,452,670,503,0 694,454,910,502,0
./data/326/0.png 501,492,802,538,0
./data/327/0.png 1184,18,1313,66,0
./data/327/2.png 921,4,1324,59,0
./data/327/1.png 491,299,874,335,0 491,237,873,288,1
./data/335/0.png 633,444,735,475,0
./data/336/3.png 1223,37,1317,70,0
./data/339/0.png 1298,33,1342,68,0
./data/343/0.png 240,153,847,205,1 809,168,834,194,0 767,168,795,190,0 1254,13,1280,31,0
./data/344/0.png 1232,24,1263,48,0 1200,23,1223,44,0
./data/345/3.png 109,29,194,56,0 109,170,195,198,0
./data/345/0.png 28,119,160,156,0 50,90,70,111,0 40,81,1319,121,1 28,119,160,156,0 50,90,70,111,0 40,81,1319,121,1 108,487,196,517,0
./data/345/2.png 108,343,195,371,0 108,487,195,515,0
./data/345/1.png 109,29,195,59,0 108,172,194,201,0 110,313,195,343,0 108,455,196,486,0
./data/350/0.png 896,13,1168,43,1 1140,18,1158,38,0
./data/351/0.png 247,191,387,226,0
./data/355/0.png 392,494,682,537,0 834,18,966,46,1 974,16,1105,47,1 1111,16,1181,49,0
./data/355/2.png 223,96,539,124,1 513,99,532,120,0
./data/355/1.png 931,557,1034,582,0 1046,556,1124,581,0
./data/356/0.png 382,183,450,230,0 1,216,349,251,0 1,265,350,301,0 384,46,593,92,1 382,103,592,154,1
./data/362/0.png 1035,18,1138,54,0 691,17,1019,54,2
./data/364/0.png 482,112,835,147,1 836,110,881,145,0 607,411,758,443,0
./data/364/2.png 607,114,758,146,0 607,564,759,595,0
./data/364/1.png 608,184,758,216,0
./data/367/0.png 934,27,1135,61,0 1336,140,1359,165,0
./data/369/3.png 290,107,442,139,0 447,107,597,138,0 447,359,598,390,0 291,359,443,391,0
./data/369/0.png 1142,5,1193,43,0 342,7,1137,43,1 1142,5,1193,43,0 342,7,1137,43,1 291,282,443,317,0 448,283,598,317,0 457,536,608,568,0 612,535,764,570,0
./data/369/2.png 291,172,442,203,0 446,172,596,202,0 446,423,597,457,0 291,423,444,457,0
./data/369/1.png 291,205,442,237,0 448,204,597,236,0 290,456,441,490,0 446,457,598,490,0
./data/370/3.png 488,546,875,597,0
./data/370/0.png 1230,17,1334,62,0 212,26,236,53,0
./data/371/0.png 543,410,823,469,0
./data/376/0.png 1279,20,1306,52,0
./data/378/0.png 891,193,1014,224,0 1305,4,1347,32,0 84,14,114,46,0
./data/382/0.png 115,376,277,421,0 285,374,440,420,0
./data/389/3.png 528,389,838,433,0
./data/389/0.png 38,32,73,60,0 1305,31,1328,62,0
./data/399/3.png 217,133,833,176,0
./data/399/0.png 8,9,104,49,0
./data/402/0.png 42,40,90,96,0
./data/403/3.png 922,518,1029,564,0
./data/403/0.png 140,39,1111,91,1 1067,43,1107,83,0 1122,39,1228,90,0
./data/403/2.png 545,170,709,207,0
./data/404/0.png 1213,90,1256,114,0 1263,94,1306,116,0 1314,93,1358,116,0 1213,90,1256,114,0 1263,94,1306,116,0 1314,93,1358,116,0 9,182,54,207,0
./data/405/0.png 101,60,196,95,0
./data/406/2.png 947,336,1233,384,0 947,512,1232,561,0 947,458,1234,508,1
./data/408/0.png 1254,43,1286,68,0
./data/410/0.png 1324,59,1342,84,0
./data/411/3.png 577,112,689,136,0 1166,526,1255,563,2
./data/411/0.png 460,328,573,352,0
./data/412/0.png 335,281,456,327,0
./data/412/2.png 412,294,822,335,0
./data/413/3.png 257,34,371,76,0
./data/413/0.png 64,140,801,176,1 70,147,92,172,0 127,174,196,206,0 158,355,309,397,0 1,357,151,398,0
./data/413/2.png 318,233,440,278,0
./data/413/1.png 232,481,397,527,0
./data/414/0.png 1009,25,1138,67,0
./data/416/0.png 887,107,1009,140,0 776,0,905,46,0 887,107,1009,140,0 776,0,905,46,0 1107,13,1126,35,0 1140,15,1167,34,0 1067,15,1088,32,0 1028,15,1048,34,0 958,13,977,30,0 923,14,942,32,0
./data/416/1.png 163,434,398,476,0
./data/418/0.png 990,118,1054,146,0 1080,10,1147,40,0 1163,9,1221,40,0 941,8,1063,40,0 1108,232,1228,283,0 138,232,594,288,1 598,232,822,286,1 1073,249,1092,271,2 1019,558,1129,599,0 649,561,756,599,0 990,118,1054,146,0 1080,10,1147,40,0 1163,9,1221,40,0 941,8,1063,40,0 1108,232,1228,283,0 138,232,594,288,1 598,232,822,286,1 1073,249,1092,271,2 1019,558,1129,599,0 649,561,756,599,0 824,232,1103,286,1
./data/424/0.png 821,37,898,71,0 431,39,812,71,1 375,40,422,72,2 821,37,898,71,0 431,39,812,71,1 375,40,422,72,2 1090,2,1247,24,2 821,37,898,71,0 431,39,812,71,1 375,40,422,72,2 821,37,898,71,0 431,39,812,71,1 375,40,422,72,2 1229,3,1243,21,2
./data/426/2.png 1065,152,1243,180,1 1220,158,1239,175,0 49,48,181,86,0 14,138,214,187,0
./data/427/0.png 783,13,1082,46,1 1102,13,1168,45,0 1057,20,1075,40,0
./data/429/0.png 1047,31,1063,50,3 1088,18,1154,48,0 816,23,1065,51,1 954,115,1117,146,0
./data/429/1.png 551,6,814,52,0
./data/434/2.png 577,154,610,190,3 554,160,812,195,1 511,287,623,328,0 641,288,754,329,0 773,288,854,328,0
./data/441/0.png 892,15,1012,43,0 1025,14,1152,37,0
./data/442/0.png 1256,18,1278,37,3 1226,19,1246,38,0 1256,18,1278,37,3 1226,19,1246,38,0 1290,14,1317,41,0
./data/444/0.png 915,36,1033,71,0 915,36,1033,71,0 1326,126,1351,149,3
./data/445/0.png 1246,17,1359,42,0 1085,310,1333,356,0 1084,246,1335,289,1 1246,17,1359,42,0 1085,310,1333,356,0 1084,246,1335,289,1 1339,69,1361,91,3
./data/445/2.png 949,143,1055,173,0 1187,144,1293,172,0 710,146,816,172,0 472,147,577,173,0 234,145,339,174,0
./data/447/0.png 1138,40,1249,73,0 1249,39,1346,74,0 794,382,988,412,0 1154,496,1187,528,0 1196,496,1227,529,0 1232,538,1296,572,0 991,539,1231,573,1
./data/448/0.png 1115,14,1136,40,3
./data/452/2.png 1183,360,1268,397,0 1016,360,1184,397,1
./data/453/0.png 41,2,63,18,4 144,63,261,80,0
./data/459/0.png 1191,17,1213,40,3 1229,14,1255,41,4
./data/462/0.png 1330,157,1351,181,3
./data/466/0.png 1147,98,1322,138,1 1293,104,1319,133,3
./data/466/2.png 1084,333,1254,373,0
./data/467/3.png 715,88,964,131,0 715,144,872,179,0
./data/467/0.png 708,276,1008,320,0 357,277,659,319,0
./data/470/1.png 334,449,581,476,1 588,449,833,476,1 843,446,929,475,0 744,31,828,65,0
./data/471/0.png 892,198,1014,228,0 195,129,233,157,2 1146,134,1170,156,3 892,198,1014,228,0 1148,135,1169,156,3 194,131,228,155,4
./data/474/0.png 847,8,948,49,0 298,9,841,49,1 1063,148,1140,166,0 1277,422,1356,440,0
./data/474/2.png 1072,247,1338,291,0 195,130,462,162,1 440,140,452,154,2
./data/474/1.png 370,85,439,126,0 195,85,370,127,1 195,189,462,220,1 437,196,450,209,2 678,373,774,404,0 787,374,838,406,0 370,85,439,126,0 195,85,370,127,1 195,189,462,220,1 437,196,450,209,2 678,373,774,404,0 787,374,838,406,0 193,460,462,491,1 437,467,455,483,2
./data/477/0.png 1033,4,1145,28,0 1156,5,1235,27,0 1261,6,1277,24,3 82,542,382,571,0 1033,4,1145,28,0 1156,5,1235,27,0 1261,6,1277,24,3 82,542,382,571,0 1225,207,1275,232,0
./data/477/1.png 982,337,1283,366,0
./data/479/0.png 1006,244,1179,285,0 1179,245,1291,285,0
./data/480/0.png 425,239,609,280,0 1255,4,1342,45,0 23,239,425,281,1
./data/483/1.png 895,409,1015,442,0 890,74,982,141,0
./data/485/0.png 1177,39,1355,71,0 653,37,1164,72,1
./data/488/0.png 1123,8,1177,45,0 215,9,1124,47,1
./data/491/0.png 1089,174,1112,199,3 1178,28,1257,66,0 227,173,1136,240,1 110,513,150,551,0 1089,174,1112,199,3 1178,28,1257,66,0 227,173,1136,240,1 110,513,150,551,0 159,513,199,552,0 204,514,243,554,0 250,512,290,553,0 296,511,335,554,0 343,511,382,554,0 388,511,431,554,0 436,510,476,553,0 480,512,521,551,0 528,513,571,552,0 574,512,618,553,0 621,513,661,554,0 623,558,662,599,0 575,558,615,599,0 530,557,571,598,0 482,557,520,598,0 437,557,476,599,0 391,559,428,599,0 344,557,382,598,0 299,559,335,598,0 252,558,290,599,0 204,558,244,598,0 159,560,196,597,0 108,558,151,597,0
./data/491/2.png 1125,539,1229,579,0
./data/491/1.png 1131,247,1221,291,0 184,333,337,365,0 250,8,422,46,0 204,4,244,45,0 156,4,196,45,0 111,3,147,46,0
./data/492/0.png 483,33,578,67,0 576,34,636,68,0 634,33,723,66,0 719,35,813,68,0 812,34,914,67,0 911,34,984,68,0 982,34,1054,67,0 1052,34,1152,69,0 1149,34,1270,67,0
./data/492/1.png 96,248,192,276,0 489,249,551,277,0 879,248,917,276,0
./data/493/0.png 1231,5,1358,35,0
./data/494/0.png 1061,16,1148,56,0 1157,17,1240,54,0 726,408,989,459,0 724,474,991,528,0 373,408,640,458,0 374,476,641,526,0 1061,16,1148,56,0 1157,17,1240,54,0 726,408,989,459,0 724,474,991,528,0 373,408,640,458,0 374,476,641,526,0 880,30,897,45,2 793,29,809,46,2 692,28,713,45,2 529,29,543,45,2
./data/495/2.png 772,264,1031,309,1 1047,264,1174,311,0
./data/496/0.png 1329,158,1351,181,3
./data/497/0.png 665,10,801,46,0 873,20,886,37,2 1093,21,1111,34,2
./data/497/1.png 562,232,803,271,0 515,402,596,446,0 222,400,513,445,1
./data/498/2.png 717,124,759,166,0 604,124,648,164,0
./data/498/1.png 1150,119,1274,157,0
./data/499/3.png 981,303,1052,339,0 826,305,979,338,1
./data/499/2.png 435,182,541,207,0
./data/499/1.png 679,427,809,462,0 435,295,534,325,0
./data/500/3.png 111,369,214,396,0 218,369,314,397,0 317,370,390,397,0 532,459,633,487,0 637,459,741,486,0 746,459,818,486,0 531,0,640,12,0 645,1,745,11,0 750,1,824,11,0
./data/500/2.png 110,107,207,137,0 210,107,298,138,0 302,107,379,138,0 529,138,634,167,0 636,136,734,167,0 737,137,812,168,0 109,553,214,582,0 217,552,313,582,0 316,553,391,583,0 110,107,207,137,0 210,107,298,138,0 302,107,379,138,0 529,138,634,167,0 636,136,734,167,0 737,137,812,168,0 109,553,214,582,0 217,552,313,582,0 316,553,391,583,0 532,582,639,599,0 642,584,748,599,0 750,585,825,599,0
./data/500/1.png 530,296,640,326,0 643,298,746,327,0 750,297,825,326,0 1147,492,1255,522,0 955,493,1145,523,1
./data/501/0.png 1069,10,1152,45,0 978,10,1055,45,0 941,18,970,46,3
./data/501/1.png 650,378,667,393,2 650,449,666,462,2 291,509,427,559,0
./data/502/0.png 830,14,881,45,0 847,16,867,41,3 334,12,831,48,1
./data/504/1.png 743,1,1042,39,0 270,389,356,425,0 368,389,456,429,0 883,398,923,419,0
./data/505/1.png 417,15,512,42,0 218,134,285,165,0 218,72,470,116,1
./data/506/0.png 1188,57,1324,101,0
./data/508/0.png 269,77,352,115,0 153,388,667,439,0
./data/514/0.png 1028,10,1112,50,0 1157,24,1169,44,2
./data/514/1.png 191,496,559,549,0
./data/515/0.png 1069,158,1345,198,0 1332,29,1350,49,4 1069,158,1345,198,0 1332,29,1350,49,4 1294,34,1309,45,2
./data/515/1.png 939,541,968,569,3
./data/519/0.png 941,489,1138,528,0
./data/520/0.png 1084,16,1103,36,3 208,350,252,395,0 1113,348,1161,394,0
./data/522/0.png 1131,57,1152,82,0
./data/525/0.png 1227,19,1283,60,0 981,19,1228,61,1
./data/525/2.png 1113,109,1247,145,0
./data/525/1.png 824,330,924,377,0 1143,331,1268,376,0 96,332,824,376,1
./data/526/0.png 976,380,1174,414,1 985,386,1002,404,3 296,392,315,405,2 436,387,455,403,2 181,371,331,425,0
./data/526/2.png 847,260,953,289,0
./data/526/1.png 846,154,930,186,0
./data/529/2.png 529,376,671,422,0 693,376,835,423,0
./data/535/0.png 901,15,970,55,0 212,12,730,54,1 727,13,903,55,1 873,24,894,42,2 901,15,970,55,0 212,12,730,54,1 727,13,903,55,1 873,24,894,42,2 1242,29,1255,44,2
./data/537/0.png 2324,15,2408,53,0 2425,16,2518,53,0 2337,302,2519,376,0 1376,304,2325,378,1
./data/538/0.png 1085,17,1101,39,3
./data/544/0.png 1013,25,1163,62,0 587,387,776,442,0
./data/546/0.png 571,74,692,106,0
./data/549/0.png 813,15,868,56,0 496,13,814,55,1 813,15,868,56,0 496,13,814,55,1 991,75,1101,139,0
./data/549/2.png 424,448,541,495,0
./data/549/1.png 424,265,541,311,0
./data/552/0.png 1255,12,1276,34,3 18,5,55,37,4
./data/554/0.png 667,14,834,49,0 843,15,1010,49,0 919,265,1028,291,0
./data/554/2.png 31,89,235,120,0 240,90,443,119,0 239,120,442,148,0 32,121,235,149,0
./data/556/1.png 688,568,791,595,0
./data/557/1.png 427,414,671,473,0 694,414,937,473,0
./data/561/0.png 1150,117,1175,142,3
./data/568/0.png 1057,73,1122,112,0 1136,74,1299,115,1 1152,83,1167,102,3 260,72,411,115,0
./data/568/1.png 1033,110,1284,144,0 1032,328,1284,367,0 1032,564,1285,598,0
./data/571/0.png 124,6,231,45,0 234,6,290,44,0
./data/572/0.png 337,141,984,180,1 956,153,973,168,2 984,143,1024,180,0 1052,92,1068,108,2 1017,17,1156,63,0 1245,95,1255,110,2 96,222,114,243,4
./data/574/0.png 890,174,1015,212,0 1107,11,1130,44,3
./data/574/2.png 944,416,1127,456,1 1123,416,1207,455,0
./data/575/0.png 662,58,791,97,0 207,539,567,584,0 204,412,567,467,1 204,476,567,530,1 1018,7,1137,44,0 54,59,344,94,1 357,58,645,96,1 61,66,84,90,3 662,58,791,97,0 207,539,567,584,0 204,412,567,467,1 204,476,567,530,1 1018,7,1137,44,0 54,59,344,94,1 357,58,645,96,1 61,66,84,90,3 515,16,526,29,2 367,18,383,31,2 662,58,791,97,0 207,539,567,584,0 204,412,567,467,1 204,476,567,530,1 1018,7,1137,44,0 54,59,344,94,1 357,58,645,96,1 61,66,84,90,3 662,58,791,97,0 207,539,567,584,0 204,412,567,467,1 204,476,567,530,1 1018,7,1137,44,0 54,59,344,94,1 357,58,645,96,1 61,66,84,90,3 515,16,526,29,2 367,18,383,31,2 1202,14,1216,32,2
./data/581/0.png 981,105,1229,148,0 761,104,964,149,0 553,103,755,150,0 349,22,450,59,0 136,107,435,152,1
./data/581/1.png 608,244,757,288,0
./data/583/3.png 255,103,377,154,0 1123,127,1163,168,0 1173,127,1213,169,0 1221,128,1263,167,0 1271,128,1314,168,0 1321,128,1362,169,0 1372,129,1412,167,0 1424,127,1463,168,0
./data/583/0.png 573,499,732,546,0 573,499,732,546,0 1090,76,1106,90,2 822,75,832,87,2 549,77,560,88,2 457,74,467,85,2 323,76,333,87,2 1379,520,1410,543,2
./data/583/2.png 975,153,1111,203,0
./data/583/1.png 661,21,1068,71,0
./data/586/3.png 1117,507,1197,538,0 1116,468,1298,501,1
./data/586/0.png 302,133,777,167,1 755,141,771,159,3 851,297,1010,325,0 850,261,928,292,0 930,261,1011,291,0
./data/589/0.png 1269,146,1287,160,3
./data/589/2.png 889,82,1137,118,0
./data/590/0.png 1270,55,1287,67,2
./data/590/1.png 1039,1,1172,42,0 192,1,535,41,1 206,10,227,27,3 893,1,1033,41,0 542,2,731,42,0 729,2,885,41,0
./data/591/0.png 1153,17,1267,58,0 979,16,1031,58,0 681,17,974,58,1 933,23,962,50,3 1153,17,1267,58,0 979,16,1031,58,0 681,17,974,58,1 933,23,962,50,3 295,204,368,229,0 294,322,368,349,0 295,442,368,468,0 346,328,358,342,2 346,209,357,223,2 302,213,310,222,2 301,331,311,341,2 347,449,357,461,2 302,451,313,461,2
./data/591/2.png 295,23,367,47,0 294,141,367,166,0 295,259,367,282,0 295,376,357,401,0 295,493,367,519,0 347,502,358,516,2 302,503,311,512,2 337,384,349,392,2 301,384,313,395,2 345,266,357,275,2 300,266,313,276,2 348,149,358,157,2 302,149,311,159,2 346,29,358,40,2 300,29,312,41,2
./data/591/1.png 296,32,366,57,0 295,150,367,176,0 295,267,367,293,0 295,386,367,410,0 295,503,368,530,0 345,39,357,49,2 301,41,312,49,2 347,156,359,167,2 300,158,313,169,2 296,32,366,57,0 295,150,367,176,0 295,267,367,293,0 295,386,367,410,0 295,503,368,530,0 345,39,357,49,2 301,41,312,49,2 347,156,359,167,2 300,158,313,169,2 300,275,315,288,2 345,277,360,286,2 345,392,360,402,2 301,395,315,407,2 301,513,311,522,2 345,511,358,521,2
./data/592/3.png 142,87,187,111,0 192,89,330,111,0 334,86,368,109,0 320,217,355,241,0 242,216,313,242,0 187,217,240,241,0 142,216,181,241,0 141,347,179,370,0 186,344,254,370,0 258,346,331,370,0 336,347,377,371,0 142,475,191,499,0
./data/592/0.png 128,283,196,316,0 128,283,196,316,0 63,170,262,208,0
./data/592/2.png 142,22,255,43,0 259,21,378,45,0 142,148,178,173,0 184,150,251,173,0 144,278,182,304,0 185,280,250,305,0 256,281,325,305,0 140,427,223,453,0 229,429,325,453,0 333,430,389,453,0 395,430,437,453,0 142,557,197,581,0 203,559,259,581,0
./data/592/1.png 165,256,267,295,0 157,296,197,319,0 198,297,273,320,0 274,296,337,319,0 339,295,413,321,0 157,323,284,348,0 174,349,231,387,0 235,350,333,385,0 337,348,379,387,0 382,347,438,386,0 440,348,500,385,0 140,489,187,517,0 194,489,241,515,0 247,493,355,515,0 165,256,267,295,0 157,296,197,319,0 198,297,273,320,0 274,296,337,319,0 339,295,413,321,0 157,323,284,348,0 174,349,231,387,0 235,350,333,385,0 337,348,379,387,0 382,347,438,386,0 440,348,500,385,0 140,489,187,517,0 194,489,241,515,0 247,493,355,515,0 416,295,496,319,0 501,297,550,319,0 554,296,650,321,0 651,296,704,321,0 705,296,775,320,0
./data/593/1.png 816,394,1069,448,0 558,398,808,443,1 298,399,548,442,1
./data/594/0.png 186,182,555,234,0 186,237,496,292,0 186,292,337,347,0 335,291,508,347,0
./data/595/2.png 538,471,794,513,0
./data/601/0.png 1057,29,1196,71,0
./data/601/1.png 820,2,987,40,0 1002,1,1175,41,0
./data/602/0.png 836,91,863,114,3 1294,27,1306,44,2 836,91,863,114,3 1294,27,1306,44,2 473,81,889,123,1
./data/604/0.png 808,68,825,84,2 989,68,1008,84,2 1165,66,1185,83,2 1258,56,1302,94,4
./data/611/3.png 132,325,276,377,0
./data/611/0.png 64,133,209,172,0 782,137,801,162,3 508,574,673,599,0
./data/613/1.png 796,357,915,383,0
./data/614/0.png 1171,279,1372,334,0
./data/618/0.png 1243,13,1343,49,0 582,441,784,507,0 217,13,1057,49,1 229,21,250,44,2
./data/628/0.png 1039,420,1132,461,0
./data/629/0.png 1136,116,1346,158,0 226,109,328,145,0 1136,116,1346,158,0 226,109,328,145,0 0,0,190,69,0
./data/636/3.png 620,475,754,523,0 620,475,754,523,0 85,163,264,199,0
./data/636/0.png 17,17,47,49,4
./data/639/0.png 1144,107,1170,129,4 677,110,697,133,3
./data/641/3.png 173,419,411,456,0
./data/641/0.png 1160,51,1184,77,3
./data/643/3.png 548,250,816,291,0
./data/643/0.png 1276,85,1308,119,0 1285,90,1303,111,3 1078,84,1280,116,1 40,189,313,230,1 39,239,314,280,1 40,329,315,369,0
./data/644/0.png 1261,12,1287,36,3 79,10,115,40,4
./data/646/0.png 482,13,785,34,1 804,13,827,36,3 1151,4,1190,24,0 867,232,1196,281,0 328,168,463,186,0 435,284,471,303,0 694,284,735,303,0 482,13,785,34,1 804,13,827,36,3 1151,4,1190,24,0 867,232,1196,281,0 328,168,463,186,0 435,284,471,303,0 694,284,735,303,0 870,286,1188,328,0 868,337,1187,377,0 869,384,1188,426,0 872,432,1188,474,0 482,13,785,34,1 804,13,827,36,3 1151,4,1190,24,0 867,232,1196,281,0 328,168,463,186,0 435,284,471,303,0 694,284,735,303,0 482,13,785,34,1 804,13,827,36,3 1151,4,1190,24,0 867,232,1196,281,0 328,168,463,186,0 435,284,471,303,0 694,284,735,303,0 870,286,1188,328,0 868,337,1187,377,0 869,384,1188,426,0 872,432,1188,474,0 353,13,372,32,0 482,13,785,34,1 804,13,827,36,3 1151,4,1190,24,0 867,232,1196,281,0 328,168,463,186,0 435,284,471,303,0 694,284,735,303,0 482,13,785,34,1 804,13,827,36,3 1151,4,1190,24,0 867,232,1196,281,0 328,168,463,186,0 435,284,471,303,0 694,284,735,303,0 870,286,1188,328,0 868,337,1187,377,0 869,384,1188,426,0 872,432,1188,474,0 482,13,785,34,1 804,13,827,36,3 1151,4,1190,24,0 867,232,1196,281,0 328,168,463,186,0 435,284,471,303,0 694,284,735,303,0 482,13,785,34,1 804,13,827,36,3 1151,4,1190,24,0 867,232,1196,281,0 328,168,463,186,0 435,284,471,303,0 694,284,735,303,0 870,286,1188,328,0 868,337,1187,377,0 869,384,1188,426,0 872,432,1188,474,0 353,13,372,32,0 393,12,412,32,0
./data/648/0.png 1232,32,1244,48,2
./data/648/2.png 807,65,900,113,0 444,44,625,87,1 627,46,809,90,1
./data/649/0.png 774,247,874,282,0 1323,131,1349,158,3 1273,137,1289,155,2
./data/651/0.png 862,37,1036,75,0
./data/653/3.png 566,187,797,227,0
./data/653/2.png 560,62,807,98,0
./data/655/3.png 132,291,857,342,0
./data/655/0.png 1168,28,1233,71,0 869,27,1170,70,1 1184,35,1216,65,3
./data/655/2.png 1149,506,1233,549,0
./data/657/0.png 1279,10,1355,50,0 11,35,111,71,0 118,54,168,90,0 77,43,95,63,2 132,63,157,83,3
./data/659/0.png 882,161,1018,188,0 882,161,1018,188,0 1343,119,1365,147,3
./data/665/1.png 925,177,1077,224,0 828,13,940,55,0 978,15,1098,53,0 1140,16,1286,55,0
./data/667/0.png 1061,197,1245,242,1 1209,210,1235,229,3
./data/667/1.png 193,395,258,428,0 262,394,320,428,0 324,396,398,428,0
./data/668/0.png 382,396,912,443,1 912,396,982,442,0 936,408,957,430,3 1300,17,1334,46,4
./data/670/2.png 588,180,771,228,0
./data/672/0.png 1334,5,1359,37,3
./data/675/0.png 736,7,766,33,3
./data/675/2.png 193,112,396,162,0 581,114,786,165,0 968,113,1172,165,0 696,560,900,599,0
./data/676/0.png 497,256,869,288,1 841,262,861,284,3 1252,159,1358,189,0 261,208,280,228,2 407,207,424,227,2 555,209,577,229,2 690,209,707,228,2 842,207,863,225,2 1062,211,1079,224,2 1214,209,1231,228,2
./data/679/0.png 700,1,817,33,0 1213,15,1233,39,3 115,233,343,274,0
./data/680/3.png 881,229,1143,265,1 881,364,1143,402,1 879,433,1142,470,1 880,490,1143,540,0 882,302,1001,327,0 1014,305,1135,326,0 1122,309,1133,322,2 985,309,996,321,2
./data/680/0.png 890,28,1013,61,0 926,116,1165,145,1 1138,118,1159,139,3
./data/686/0.png 981,295,1160,333,1 1159,297,1254,331,0 1166,305,1190,324,3
./data/686/1.png 308,22,628,58,1 628,22,668,59,0 635,29,658,51,3
./data/690/0.png 704,32,825,81,0 497,34,690,82,1 659,47,674,63,2 704,32,825,81,0 497,34,690,82,1 659,47,674,63,2 145,436,309,490,0
./data/692/0.png 1162,10,1253,43,0 1175,19,1192,36,3 126,15,139,31,4 110,8,188,44,0
./data/692/2.png 133,305,194,327,0 520,332,582,357,0 907,305,968,328,0
./data/692/1.png 132,181,195,209,0 520,209,582,237,0 904,185,968,208,0 904,543,968,570,0 517,571,580,595,0 132,543,195,568,0
./data/696/0.png 580,464,785,513,0 1091,17,1165,57,0
./data/702/0.png 127,33,164,67,0 167,33,197,67,0 199,34,236,67,0 240,34,271,66,0 273,33,304,66,0 310,34,341,67,0 127,76,344,109,1
./data/704/0.png 848,256,1145,302,0 921,16,947,43,0 953,16,979,44,0 983,16,1009,43,0 1015,15,1040,41,0 1047,15,1071,43,0
./data/707/0.png 861,520,1178,561,0 1286,13,1313,37,3 1331,14,1349,37,4 230,5,250,22,2 321,3,338,16,2 429,4,442,17,2 502,5,514,19,2 590,2,604,15,2 726,4,748,15,2 804,5,821,19,2 897,3,909,20,2
./data/708/3.png 499,79,592,114,0
./data/708/2.png 497,61,593,96,0 499,219,550,238,0 498,345,591,379,0 498,532,550,551,0
./data/708/1.png 498,240,573,259,0 498,386,592,420,0 498,538,560,554,0
./data/709/0.png 734,15,870,52,0 938,27,957,38,2 734,15,870,52,0 938,27,957,38,2 1160,23,1175,39,0
./data/709/1.png 602,251,764,292,0 225,484,510,524,1 516,483,593,525,0
./data/711/3.png 1029,242,1154,278,0 1126,250,1141,271,2
./data/711/1.png 928,88,1080,122,0 852,323,1153,357,0
./data/712/0.png 357,117,1012,153,1 976,82,1005,103,3
./data/712/1.png 695,246,1063,281,1 1061,244,1100,282,0
./data/715/0.png 828,18,1138,55,1 1137,19,1183,54,0
./data/715/1.png 267,48,462,112,0
./data/718/2.png 614,225,765,274,0 926,165,1073,215,0 1236,192,1365,243,0 306,195,453,242,0 2,166,142,213,0
./data/721/0.png 641,342,724,376,0 641,342,724,376,0 1171,20,1197,47,4
./data/721/2.png 965,299,1146,338,0
./data/722/0.png 1221,23,1252,56,3
./data/728/0.png 10,12,50,49,4
./data/728/2.png 978,115,1172,154,1 1177,115,1253,153,0
./data/729/1.png 141,142,325,193,0 157,15,889,66,1 857,30,873,55,3
./data/731/0.png 1232,50,1355,86,0 10,71,110,108,0 116,92,168,126,0 133,99,153,121,3 73,78,98,98,4
./data/733/0.png 630,244,735,286,0 123,202,1243,244,1 123,140,142,161,4 39,453,175,495,0 722,489,909,529,0
./data/739/0.png 272,13,306,40,4 1263,12,1284,36,3
./data/741/3.png 879,460,1049,490,0 766,461,868,491,1 484,463,756,489,1
./data/742/0.png 832,14,1007,54,0 1041,15,1161,52,0
./data/744/1.png 891,120,980,191,0 891,120,980,191,0
./data/745/0.png 339,61,427,90,0 339,61,427,90,0 13,221,39,245,4 1287,223,1312,244,2
./data/746/1.png 891,91,1014,125,0 900,424,1020,455,0
./data/752/0.png 1099,116,1180,149,0 906,118,1084,141,1 700,117,891,144,1
./data/752/1.png 888,0,1112,59,0
./data/756/0.png 856,102,1189,145,1 1189,100,1247,145,0 890,14,1178,50,1 1137,21,1170,44,3 856,102,1189,145,1 1189,100,1247,145,0 890,14,1178,50,1 1137,21,1170,44,3 712,247,816,272,0 24,18,52,46,4
./data/758/3.png 532,213,834,261,0
./data/758/0.png 1160,8,1269,53,0 414,8,887,49,1 887,10,942,49,0 564,71,579,86,2 164,70,184,89,2
./data/759/3.png 542,563,665,598,0 676,565,810,598,0
./data/759/2.png 146,136,1218,187,0
./data/760/0.png 864,186,992,211,0 1180,2,1224,26,0 1226,3,1265,26,0 1272,4,1310,26,0 1318,1,1353,27,0
./data/764/0.png 1386,539,1509,574,0 2266,20,2285,41,3
./data/765/1.png 882,357,982,398,0
./data/769/0.png 636,54,721,78,0
./data/773/0.png 712,175,816,201,0
./data/775/0.png 239,249,741,310,1 255,259,292,301,3 758,248,1060,311,1
./data/775/1.png 825,188,1013,228,0
./data/776/0.png 736,17,868,50,0 939,28,958,40,2 1158,25,1176,39,2 293,26,390,48,0
./data/776/1.png 602,245,762,281,0
./data/777/0.png 1118,23,1267,61,0 1084,31,1113,55,3
./data/781/1.png 966,0,1268,38,0 968,44,1269,98,0
./data/784/2.png 1159,443,1328,478,0
./data/784/1.png 530,313,838,357,0
./data/786/2.png 570,381,793,439,0
./data/787/0.png 126,272,283,312,1 285,271,443,311,1 127,330,440,354,1 126,368,442,394,1 123,408,443,452,0 124,466,306,498,0 273,475,290,491,3 421,330,439,351,2 425,372,438,392,2
./data/788/3.png 187,13,237,63,0 186,82,240,133,0 186,154,237,204,0 187,224,238,275,0 189,294,237,343,0 188,364,236,413,0 189,433,237,482,0
./data/788/0.png 177,417,280,443,0 285,417,390,442,0 396,417,551,443,0 556,417,669,443,0 672,416,742,443,0 745,417,860,445,0 187,467,239,523,0 187,538,238,591,0 677,11,815,38,1 429,11,535,37,1 248,10,352,38,1 1013,20,1032,38,0 1032,18,1050,35,0 1051,18,1072,35,0 1077,17,1089,36,0 1092,19,1111,35,0
./data/788/2.png 188,1,237,36,0 189,179,239,230,0 188,251,238,300,0 186,319,238,372,0 188,388,237,438,0 189,459,237,509,0
./data/788/1.png 188,43,238,93,0 186,158,239,212,0 185,229,239,280,0 186,300,239,351,0 187,370,239,420,0 187,440,238,492,0 187,509,238,560,0
./data/791/0.png 263,418,351,460,0 93,433,115,454,3
./data/793/0.png 385,19,1023,62,1 1018,17,1164,62,0 1051,28,1071,52,3 283,19,387,60,0 358,33,374,48,2
./data/793/2.png 976,373,1202,410,0 977,205,1479,243,1 979,257,1227,296,1 1228,258,1479,295,1 977,333,1066,356,0 1075,334,1189,354,0 1195,334,1351,354,0
./data/794/0.png 840,100,989,138,0 1319,20,1352,48,2
./data/797/0.png 655,38,1166,72,1 1176,37,1356,71,0
./data/800/2.png 777,177,872,206,0 778,216,871,245,0
./data/800/1.png 776,207,875,240,0 778,251,872,276,0 1053,123,1318,166,0 1053,165,1318,206,0 1053,206,1318,245,0
./data/803/3.png 564,289,802,340,0
./data/803/0.png 357,47,723,90,1 729,47,1118,88,1 1124,45,1167,91,0 1136,54,1159,83,3
./data/803/1.png 213,436,414,473,0
./data/804/3.png 531,213,833,262,0
./data/804/0.png 414,9,886,49,1 887,8,943,50,0 1162,9,1268,50,0 414,9,886,49,1 887,8,943,50,0 1162,9,1268,50,0 166,73,188,91,2 565,73,579,87,2
./data/816/0.png 229,29,963,70,1 926,37,947,61,3 1119,51,1137,71,2 1228,104,1250,125,2
./data/817/0.png 1190,298,1559,347,0 2228,531,2341,576,0 2522,533,2654,593,0 2674,532,3051,581,1 3075,531,3208,592,0 3227,534,3364,591,0 3386,534,3517,591,0 1813,1,2163,42,1 2132,17,2149,36,3 1958,95,2068,136,0 2078,95,2156,137,0
./data/817/1.png 2227,178,2342,221,0 2676,178,3052,230,1 3077,177,3206,240,0 3230,180,3363,237,0 3385,180,3515,239,0 2369,180,2497,239,0
./data/818/3.png 697,521,1016,572,0 1030,521,1351,572,0
./data/818/1.png 238,126,298,161,0 317,127,452,161,0 470,128,568,162,0 584,126,686,162,0 703,126,875,161,0 894,126,958,162,0 975,127,1109,160,0 781,175,904,208,0 603,176,760,208,0 462,175,585,208,0
./data/820/3.png 303,423,419,454,0 632,423,730,456,0 943,426,1059,461,0
./data/820/0.png 739,170,1045,206,1 1045,168,1162,208,0 978,98,1146,137,0 1106,120,1122,132,2 202,163,354,209,0 312,180,325,195,2 1063,59,1148,83,0
./data/820/2.png 700,180,807,222,0 701,337,807,379,0 219,317,325,356,0 219,179,325,220,0
./data/820/1.png 700,494,806,533,0 219,517,326,556,0
./data/822/0.png 135,482,265,534,0 707,191,735,220,3 135,482,265,534,0 707,191,735,220,3 575,206,590,221,2 99,204,116,216,2 336,203,348,220,2 466,205,483,218,2
./data/823/3.png 880,342,1081,392,0
./data/823/2.png 581,332,784,387,0
./data/824/0.png 1322,19,1348,45,4 1322,74,1348,103,3 19,12,60,57,0 17,69,63,111,0 18,119,61,164,0
./data/826/3.png 97,158,254,188,0 90,222,269,255,0
./data/826/0.png 485,30,629,58,0
./data/831/0.png 1238,1,1365,52,0 1038,82,1055,104,3
./data/832/0.png 398,147,1064,202,1 1060,147,1109,201,0
./data/833/3.png 893,317,1218,350,0 148,366,845,398,0
./data/834/0.png 322,79,969,136,1 927,116,954,147,3
./data/834/2.png 523,516,672,559,0 685,515,841,559,0
./data/837/3.png 611,259,796,302,0
./data/837/0.png 299,59,746,105,1 713,72,733,95,3
./data/837/1.png 408,5,574,55,0
./data/840/3.png 944,412,1241,460,0 943,485,1082,530,0 1086,485,1239,531,0
./data/841/1.png 890,121,981,189,0
./data/842/3.png 115,3,294,53,0 502,107,683,157,0 891,24,1071,74,0
./data/842/2.png 503,30,683,79,0 891,33,1070,81,0 114,74,330,122,0
./data/843/0.png 244,6,474,48,1 451,16,469,34,3 1282,21,1296,35,2 1037,305,1164,337,0
./data/845/0.png 344,18,1102,61,1 1100,17,1202,60,0 1133,26,1166,52,3
./data/845/1.png 398,438,661,481,0 1004,440,1267,484,0
./data/848/3.png 1571,338,1693,372,0
./data/848/2.png 1229,306,1316,329,0
./data/848/1.png 1369,327,1629,357,1
./data/849/0.png 940,27,1050,52,0 905,28,919,47,3 940,27,1050,52,0 905,28,919,47,3 1557,40,1586,57,0 1588,42,1610,57,0
./data/849/1.png 792,550,905,576,0
./data/850/0.png 1294,49,1332,81,4 1246,53,1272,80,3 1294,49,1332,81,4 1246,53,1272,80,3 67,428,127,447,0
./data/850/2.png 67,31,127,49,0 67,423,126,442,0 614,428,703,447,0
./data/850/1.png 66,240,126,258,0 66,240,126,258,0 887,240,947,258,0
./data/851/0.png 106,131,135,151,3 10,14,38,36,4
./data/853/0.png 48,9,98,54,4 1311,9,1354,52,3
./data/853/1.png 544,97,746,135,1 746,94,850,136,0
./data/860/0.png 346,37,632,75,1 630,36,674,75,0 644,42,662,66,3 921,47,936,65,2 1008,46,1027,64,2 1146,53,1159,69,2
./data/860/2.png 578,505,787,547,0
./data/860/1.png 244,548,455,588,0 578,548,789,590,0 910,548,1121,588,0
./data/863/0.png 373,59,863,95,1 830,63,857,92,3
./data/867/0.png 20,109,51,135,3
./data/868/0.png 1285,167,1313,201,3 1285,167,1313,201,3 48,168,83,197,4
./data/869/3.png 1005,441,1103,473,0 1084,451,1096,466,2 891,20,953,53,0 149,104,221,136,0 148,146,217,163,0 179,30,205,57,0 147,30,175,56,0
./data/869/0.png 416,239,534,267,0 1179,23,1206,49,3
./data/869/2.png 893,109,1010,127,0 892,321,1010,340,0 148,195,252,225,0 148,235,217,252,0 180,119,207,148,0 146,120,175,149,0 893,109,1010,127,0 892,321,1010,340,0 148,195,252,225,0 148,235,217,252,0 180,119,207,148,0 146,120,175,149,0 1007,540,1103,576,0 1082,552,1095,565,2
./data/869/1.png 145,224,338,257,0 900,275,964,339,0 892,452,975,485,0 893,493,962,512,0
./data/873/0.png 682,46,1134,87,1 1101,55,1126,80,3 1085,253,1253,297,0 418,254,584,296,0
./data/873/2.png 614,311,783,351,0
./data/877/0.png 903,144,1021,174,0 1152,5,1308,36,0 1153,42,1308,73,0 1187,277,1294,314,0 981,275,1173,315,1 903,144,1021,174,0 1152,5,1308,36,0 1153,42,1308,73,0 1187,277,1294,314,0 981,275,1173,315,1 108,28,129,49,3 55,23,86,44,4
./data/878/0.png 1245,94,1336,126,0 1313,102,1331,121,3 897,96,1244,124,1
./data/880/3.png 51,354,273,374,0
./data/880/0.png 53,400,238,417,0
./data/880/1.png 53,280,264,299,0
./data/881/0.png 1191,97,1223,125,3 144,109,177,138,4
./data/882/0.png 142,411,420,461,0
./data/883/0.png 1282,14,1352,48,0 12,37,110,71,0 120,57,168,90,0 131,62,157,84,3 71,42,100,65,4
./data/883/2.png 936,66,1038,85,0
./data/887/0.png 1245,31,1272,61,3 1322,29,1339,52,2 432,33,445,52,2 339,31,357,53,2 193,33,210,52,2
./data/887/1.png 827,312,1080,371,0 1043,558,1297,599,0
./data/888/0.png 736,6,768,31,3
./data/888/2.png 194,113,397,163,0 583,117,783,164,0 969,114,1170,164,0 697,559,898,599,0
./data/891/0.png 944,33,1038,70,0 1041,35,1162,68,0 944,33,1038,70,0 1041,35,1162,68,0 202,481,412,524,0
./data/893/0.png 418,59,877,105,1 878,59,943,106,0 1071,138,1155,159,0
./data/896/0.png 960,34,994,66,3 960,34,994,66,3 113,294,196,319,0 2,393,30,422,0 1,422,28,453,0 0,453,30,484,0 1,483,30,513,0 1,514,30,544,0 2,544,30,573,0 2,575,30,599,0 960,34,994,66,3 960,34,994,66,3 113,294,196,319,0 2,393,30,422,0 1,422,28,453,0 0,453,30,484,0 1,483,30,513,0 1,514,30,544,0 2,544,30,573,0 2,575,30,599,0 1053,427,1086,443,0
./data/896/1.png 0,1,30,32,0 1,32,29,65,0 1133,49,1166,66,0 956,179,989,195,0 1064,271,1099,288,0 1207,383,1240,398,0 1094,495,1125,509,0 116,383,236,414,0 429,70,464,86,0 117,101,167,133,0 397,103,506,132,0
./data/897/0.png 1318,23,1344,52,3 21,14,50,44,4
./data/899/1.png 206,135,511,175,0 541,401,827,424,0
./data/900/0.png 925,458,1068,486,0 469,458,534,486,0 17,458,109,486,0 310,16,361,55,0 325,25,346,47,3 389,26,411,45,4
./data/901/0.png 997,13,1218,48,1
./data/905/0.png 3310,10,3407,45,0 3329,16,3344,34,3
./data/905/2.png 2071,490,2165,524,0
./data/908/0.png 392,38,889,86,1 849,44,882,76,3
./data/908/2.png 1020,93,1135,126,0
./data/909/3.png 117,104,221,128,0 506,105,646,127,0 894,104,1035,128,0 893,544,1005,568,0 506,544,616,569,0 118,544,228,568,0
./data/909/0.png 1209,23,1233,50,3
./data/909/2.png 991,57,1100,80,0 707,170,846,194,0 590,383,627,421,0 638,383,676,420,0 690,384,727,419,0 741,382,776,419,0
./data/909/1.png 707,373,845,395,0 991,373,1100,396,0 119,531,256,555,0
./data/911/0.png 1294,222,1324,258,3
./data/911/2.png 42,154,75,174,0 41,105,137,123,0 43,55,88,76,0
./data/913/0.png 1023,218,1136,246,0 562,216,1018,247,1 844,22,985,40,0
./data/914/0.png 1174,231,1254,267,0 840,178,866,202,3 1174,231,1254,267,0 840,178,866,202,3 847,240,868,259,2 599,242,615,260,2 473,240,493,260,2 371,242,390,258,2 194,245,213,257,2 1174,231,1254,267,0 840,178,866,202,3 1174,231,1254,267,0 840,178,866,202,3 847,240,868,259,2 599,242,615,260,2 473,240,493,260,2 371,242,390,258,2 194,245,213,257,2 720,30,893,73,0 906,31,1023,73,0
./data/914/1.png 1142,265,1242,297,0 909,265,1132,298,1
./data/916/0.png 1204,24,1234,54,3
./data/916/1.png 566,242,837,294,0
./data/920/3.png 686,263,849,301,0 128,178,850,215,1
./data/920/2.png 687,54,848,90,0
./data/921/0.png 89,125,248,148,1 256,118,309,155,0 7,193,155,218,0
./data/922/0.png 445,540,694,583,0 714,541,960,582,0
./data/923/3.png 279,116,362,138,0 279,435,362,457,0
./data/923/2.png 321,78,405,99,0 278,396,357,418,0
./data/923/1.png 278,396,361,416,0 322,78,397,99,0
./data/925/1.png 271,34,592,76,1 608,33,755,78,1 773,34,919,75,1 961,116,1086,156,0
./data/926/0.png 1143,8,1204,40,0 1142,56,1212,84,0 1266,219,1283,240,3 601,207,672,246,0
./data/926/2.png 83,1,214,41,0
./data/926/1.png 1076,494,1189,537,0 1004,445,1261,488,1
./data/927/0.png 190,19,212,46,3 87,16,119,43,4
./data/936/3.png 577,219,805,260,0
./data/936/0.png 962,280,1246,318,0 326,343,506,387,0 1246,136,1282,165,3 86,134,120,167,4 293,140,314,161,2
./data/936/2.png 577,147,805,189,0 98,499,326,539,0
./data/936/1.png 918,374,1250,406,0 519,373,849,407,0 96,478,280,507,0
./data/939/0.png 1206,3,1326,27,0 1156,216,1226,245,0
./data/941/3.png 827,484,892,520,0 765,483,817,521,0 200,200,311,233,0
./data/941/0.png 1249,152,1292,190,3 73,129,119,164,4
./data/942/0.png 532,358,832,404,0 530,417,832,466,0 58,8,542,45,1 67,14,91,38,3
./data/945/2.png 907,397,994,422,0 1163,396,1231,423,0
./data/945/1.png 880,245,935,276,0 487,245,558,276,0 97,246,152,276,0
./data/947/0.png 944,38,1168,63,1 1140,41,1162,62,3
./data/949/0.png 636,298,729,344,0
./data/951/0.png 1152,27,1262,59,0 1277,28,1298,56,3
./data/953/0.png 915,300,1251,331,1 1265,298,1301,330,3
./data/953/2.png 948,368,1271,421,1 948,424,1268,477,1 947,479,1269,530,1
./data/954/0.png 455,454,671,504,0 696,454,908,499,0 455,454,671,504,0 696,454,908,499,0 67,189,166,207,0
./data/960/3.png 916,235,1081,283,0
./data/960/0.png 1230,38,1267,76,3 168,103,187,123,2
./data/960/2.png 917,349,1125,399,0
./data/961/0.png 597,406,758,439,0 777,406,1021,441,0
./data/962/0.png 24,39,233,76,0 35,76,101,115,0
./data/963/0.png 1063,108,1214,139,1 1217,109,1250,139,0 1227,112,1245,131,3 1063,108,1214,139,1 1217,109,1250,139,0 1227,112,1245,131,3 107,108,148,142,4
./data/964/2.png 81,289,286,347,0
./data/966/0.png 18,55,267,94,0 31,56,56,83,3 935,49,1010,95,0
./data/969/0.png 543,271,822,306,0
./data/972/0.png 1145,55,1345,96,1 1158,77,1177,98,3
./data/972/2.png 101,154,198,199,0 1162,156,1257,197,0
./data/972/1.png 105,133,197,175,0 202,134,335,176,0
./data/980/0.png 978,140,1245,173,1 1214,145,1239,171,3 1129,64,1254,100,0
./data/981/0.png 1212,41,1317,79,0 1024,44,1049,71,3 1212,41,1317,79,0 1024,44,1049,71,3 261,11,274,30,2 356,12,369,28,2 460,13,470,30,2 584,10,595,28,2 689,11,700,27,2 772,14,784,32,2 921,13,934,28,2 77,440,239,460,0
./data/982/0.png 972,4,1174,32,1 1149,9,1170,26,3
./data/985/3.png 914,63,1039,97,0
./data/985/0.png 114,36,151,74,0 156,35,197,75,0 202,33,242,76,0 245,34,290,73,0 1163,432,1252,461,0 953,431,1161,461,1
./data/986/0.png 541,30,831,68,0
./data/987/0.png 1142,27,1160,48,2 830,30,852,49,2
./data/988/2.png 783,29,927,72,0 160,497,299,545,0
./data/991/2.png 871,1,1147,38,0 1125,9,1140,27,2
./data/992/0.png 280,123,974,194,1 975,124,1044,196,0 998,145,1025,175,3
./data/992/1.png 278,333,310,369,0 322,334,362,371,0 367,335,422,370,0 433,335,538,370,0 547,333,587,371,0 599,334,656,371,0 665,336,757,371,0 770,332,857,371,0 869,334,936,372,0 946,334,1002,373,0 279,384,335,419,0 345,384,435,419,0 445,384,503,419,0
./data/993/3.png 751,50,832,83,0
./data/993/0.png 346,16,377,40,4 1148,26,1173,58,3
./data/993/1.png 811,116,915,152,0
./data/995/0.png 389,345,917,384,1
./data/997/3.png 197,14,233,47,0 198,49,232,85,0 505,474,544,514,0 555,473,594,514,0 604,474,646,513,0 656,474,696,514,0
./data/997/0.png 574,349,775,377,1 757,351,772,373,2 785,347,934,376,1 945,346,1096,378,1 1105,345,1166,379,0 574,349,775,377,1 757,351,772,373,2 785,347,934,376,1 945,346,1096,378,1 1105,345,1166,379,0 250,517,457,548,1 460,520,489,548,2 510,494,549,520,0
./data/997/2.png 196,207,233,240,0 196,244,233,278,0 196,281,233,316,0 197,374,231,408,0 195,413,232,445,0 199,448,231,483,0 197,484,231,518,0 197,578,233,598,0
./data/1002/0.png 34,80,53,103,3 179,141,203,158,2 194,174,212,194,2 205,210,226,226,2 220,243,241,263,2 60,277,87,305,4
./data/1008/0.png 997,300,1107,348,0
./data/1009/0.png 840,210,1144,250,1 841,260,1143,301,1 841,311,984,352,1 998,313,1142,352,1 969,318,982,346,2 1124,314,1140,348,2 841,368,1143,406,0
./data/1010/3.png 682,285,894,329,0 681,542,833,588,0
./data/1010/1.png 97,214,266,258,0
./data/1011/0.png 1022,415,1328,466,0 1020,304,1165,355,1 1183,302,1329,357,1 1339,44,1362,78,3 19,478,131,509,0
./data/1011/2.png 764,132,982,182,0 422,483,641,533,0
./data/1011/1.png 129,410,242,441,0 504,385,614,418,0 878,385,989,415,0
./data/1016/0.png 214,344,663,393,1
./data/1017/0.png 1294,19,1330,55,3 16,22,51,51,4
./data/1018/0.png 926,139,1080,169,1 1079,140,1173,168,0 1088,144,1103,163,3
./data/1018/1.png 875,5,1050,28,1 1051,5,1133,32,0
./data/1020/0.png 549,473,761,517,0 351,215,528,244,1 551,273,729,303,1 552,331,729,354,1 352,331,532,354,1 348,273,530,303,1 361,396,751,432,1 549,215,730,246,1 513,333,529,350,2 712,332,728,353,2
./data/1021/3.png 1157,380,1225,405,0 940,328,972,361,3
./data/1021/0.png 1282,14,1353,48,0 12,37,111,70,0 121,56,168,89,0 133,62,155,83,3 75,41,99,63,4
./data/1022/3.png 553,293,813,333,0
./data/1022/2.png 554,172,811,210,0
./data/1022/1.png 52,133,299,165,1 379,133,627,165,1 706,133,952,165,1 1032,132,1280,166,1 301,133,333,166,2 624,132,660,165,2 954,134,986,165,2 1280,131,1313,165,2
./data/1026/0.png 1210,322,1275,353,0
./data/1027/3.png 280,454,485,504,0
./data/1027/2.png 583,164,781,212,0 996,162,1166,211,0 197,162,368,215,0 583,164,781,212,0 996,162,1166,211,0 197,162,368,215,0 982,453,1133,512,0
./data/1027/1.png 592,222,773,271,0
./data/1032/3.png 386,11,487,47,0 180,14,374,51,1
./data/1033/0.png 1146,1,1250,38,0 1276,6,1311,32,3 1146,1,1250,38,0 1276,6,1311,32,3 54,7,85,31,4
./data/1040/0.png 123,8,238,44,0 241,7,301,45,0
./data/1042/0.png 12,33,110,72,0 1231,15,1354,49,0 119,55,167,91,0 132,60,155,84,3 75,43,98,63,4
./data/1044/0.png 1047,19,1215,55,1 1215,17,1253,53,0 1047,19,1215,55,1 1215,17,1253,53,0 1227,25,1246,47,3
./data/1045/3.png 192,192,479,229,0
./data/1045/0.png 191,35,236,71,4 191,35,236,71,4 191,200,417,240,0
./data/1045/2.png 192,429,413,463,0
./data/1045/1.png 191,341,375,376,0
./data/1047/0.png 455,453,670,503,0 696,453,908,503,0 66,185,165,207,0
./data/1049/0.png 1167,12,1340,41,1 1169,14,1191,37,3
./data/1055/1.png 865,93,1037,123,0
./data/1059/3.png 1039,137,1144,175,0
./data/1059/0.png 1226,40,1313,73,0 850,419,963,460,0 401,420,850,462,1 769,529,938,567,0 600,531,766,568,0 431,531,594,568,0 863,428,892,454,3 1124,39,1211,74,0
./data/1059/2.png 257,521,524,567,0
./data/1059/1.png 600,55,768,100,0
./data/1060/1.png 504,260,669,301,0 686,260,861,302,0
./data/1062/3.png 1158,159,1225,183,0
./data/1062/0.png 1233,14,1353,49,0 12,36,109,72,0 76,42,97,63,4 120,55,167,89,0 133,62,155,85,3
./data/1062/2.png 978,51,1037,78,0
./data/1064/0.png 131,123,165,152,4
./data/1065/2.png 503,254,1058,296,1 503,105,653,147,0 503,150,652,190,0 502,308,684,350,0
./data/1070/0.png 64,219,963,283,1 1226,17,1327,59,0 911,242,933,263,2 95,236,120,261,4
./data/1074/0.png 260,21,384,46,0 392,19,521,46,0 530,21,612,47,0 260,21,384,46,0 392,19,521,46,0 530,21,612,47,0 1118,17,1145,47,0
./data/1074/2.png 29,42,204,74,0
./data/1075/0.png 328,196,469,231,0 328,196,469,231,0 95,141,112,159,2 15,16,52,48,4
./data/1084/2.png 1069,16,1117,68,0
./data/1084/1.png 853,399,1043,424,1 1054,397,1139,424,0
./data/1086/0.png 1177,11,1259,47,0 321,490,458,525,0
./data/1086/1.png 618,346,749,381,0 995,301,1155,336,0 170,428,413,462,0
./data/1088/0.png 501,105,662,150,0 680,106,839,152,0 729,2,842,32,0 456,19,476,36,2 359,22,376,34,2 1199,20,1213,35,2
./data/1091/0.png 1175,132,1281,177,0 1083,398,1173,422,0 1095,8,1181,34,0
./data/1091/2.png 1142,201,1289,232,0
./data/1093/3.png 153,171,395,224,0 553,566,812,600,0
./data/1093/2.png 154,12,395,62,0 153,264,395,317,0 151,519,395,570,0
./data/1095/3.png 809,322,1040,368,0
./data/1095/0.png 399,248,1008,308,1 1022,249,1157,308,0 370,265,390,286,2
./data/1095/2.png 925,118,1155,161,0 568,117,901,163,1 209,117,544,164,1 512,133,531,150,2
./data/1095/1.png 979,364,1209,409,0 579,275,787,305,0
./data/1097/3.png 648,247,731,268,0 642,528,739,548,0
./data/1097/0.png 1075,9,1115,51,0 1114,9,1155,51,0 1153,8,1194,49,0 1194,9,1236,47,0 1236,9,1274,50,0 1243,72,1268,94,3
./data/1097/2.png 647,285,730,304,0 625,565,755,588,0
./data/1101/0.png 1153,70,1188,90,4
./data/1103/3.png 1156,72,1189,95,0 747,291,856,326,0
./data/1103/0.png 906,147,1209,186,1 1175,149,1203,179,3 863,157,879,177,2 561,377,617,408,0 621,378,651,409,0 656,378,684,408,0 689,378,720,410,0 722,378,752,410,0 757,380,785,408,0 791,376,821,408,0 824,380,856,410,0 808,275,858,306,0 908,148,1209,187,1
./data/1103/2.png 586,201,616,231,0 621,201,650,232,0 655,197,684,231,0 689,198,720,233,0 724,201,752,229,0 758,201,786,231,0 788,200,820,232,0 823,201,858,232,0
./data/1103/1.png 745,469,856,507,0 1047,99,1192,118,0 924,96,952,123,0 957,94,985,122,0 989,97,1020,122,0 923,34,953,63,0 922,0,954,15,0 1015,0,1043,15,0 1105,1,1135,14,0
