./data/1107/1.png 229,304,356,340,0 620,322,746,362,0 1010,284,1137,319,0
./data/1107/0.png 64,12,82,37,3 1332,10,1354,37,4
./data/1109/0.png 900,105,997,151,0 1202,121,1218,144,2 1210,70,1228,89,2 1324,71,1339,90,2 1107,73,1122,88,2 141,123,157,140,2 2,106,180,149,0 180,105,900,149,1 45,219,341,258,1 46,274,341,312,1 45,356,185,396,0 44,499,237,539,1 246,499,302,542,0
./data/1114/2.png 479,464,885,508,0
./data/1114/0.png 43,294,194,341,0 1062,10,1087,40,3
./data/1115/2.png 513,495,852,537,0
./data/1115/0.png 1152,114,1335,151,0
./data/1117/0.png 72,177,221,221,0 198,188,218,209,2
./data/1118/0.png 481,13,784,35,1 805,14,828,36,0 807,18,825,34,3 1151,3,1192,24,0 946,114,1125,169,0 865,576,973,598,0 973,575,1083,599,0 1083,575,1196,599,0 696,284,736,304,0 433,285,471,305,0
./data/1120/1.png 1074,290,1151,327,0 844,292,1068,325,1
./data/1120/0.png 848,26,970,61,0 1149,138,1180,168,0 1163,149,1179,166,3
./data/1122/1.png 740,22,801,64,0 563,29,734,54,1 715,32,730,52,2
./data/1122/0.png 1081,3,1332,30,1 1086,10,1105,27,3 1178,54,1334,76,0 1310,56,1327,73,2 195,55,306,78,0 285,56,302,73,2 35,2,168,36,0 144,6,158,25,2
./data/1123/2.png 919,124,1045,164,0 0,199,39,240,0 1,240,39,280,0 1,278,38,320,0 0,319,40,358,0 2,357,40,401,0 0,402,40,441,0
./data/1123/1.png 897,102,1208,129,1 899,149,984,185,0 970,425,1122,456,0 289,559,442,592,0 582,457,784,484,1 585,504,670,540,0
./data/1123/0.png 1152,294,1222,337,0 1073,191,1103,222,2 896,295,1157,336,1 971,569,1122,599,0
./data/1126/0.png 0,1,104,59,0 13,21,36,40,4 133,16,163,44,3
./data/1127/0.png 10,16,54,44,4
./data/1128/2.png 782,352,1011,392,0
./data/1128/0.png 592,120,772,156,0 100,302,317,345,0
./data/1129/0.png 1156,117,1228,151,0 1239,119,1309,150,0 1156,117,1228,151,0 1239,119,1309,150,0 489,126,507,145,2 568,127,581,146,2 743,127,759,147,2 828,128,847,144,2 936,127,960,148,2
./data/1130/2.png 762,132,983,183,0 421,495,642,545,0
./data/1130/1.png 131,386,240,417,0 504,386,615,418,0 878,409,985,443,0
./data/1130/0.png 1335,43,1364,77,3
./data/1132/0.png 307,278,325,301,2 316,339,336,360,2 1138,19,1167,49,3
./data/1133/2.png 185,0,404,44,0 575,1,795,42,0
./data/1133/3.png 1035,49,1207,97,0 895,393,1055,441,0 1091,393,1249,442,0 1087,514,1223,563,0
./data/1133/1.png 112,108,571,160,1 794,107,1253,160,1 1222,120,1248,148,2 539,121,564,145,2 113,196,325,249,1 355,194,573,248,1 697,196,862,249,1 891,197,1058,248,1 1085,194,1252,250,1 1020,266,1252,317,0 1049,49,1164,88,0 112,108,571,160,1 794,107,1253,160,1 1222,120,1248,148,2 539,121,564,145,2 113,196,325,249,1 355,194,573,248,1 697,196,862,249,1 891,197,1058,248,1 1085,194,1252,250,1 1020,266,1252,317,0 1049,49,1164,88,0 832,209,861,233,2 1023,212,1054,236,2
./data/1134/0.png 853,132,1164,174,1 1133,143,1150,160,2 1136,217,1150,235,2 1033,220,1056,236,2 952,220,970,234,2 854,68,1001,102,0 1012,69,1164,101,0 854,206,983,247,1 992,205,1062,247,1 1070,205,1162,248,1 852,280,1162,318,1 852,350,1162,390,1 852,398,1162,445,0 481,574,612,599,0 633,575,751,599,0 769,575,884,599,0
./data/1136/2.png 726,242,805,264,0 726,242,805,264,0 140,241,206,264,0
./data/1136/1.png 633,294,776,329,0 725,459,807,482,0
./data/1136/0.png 601,69,864,104,1 864,68,941,104,1 925,72,939,103,2 942,67,1018,104,0 991,11,1138,46,0 1145,10,1211,47,0 1220,10,1307,47,0 579,579,711,599,0 725,579,831,599,0 601,69,864,104,1 864,68,941,104,1 925,72,939,103,2 942,67,1018,104,0 991,11,1138,46,0 1145,10,1211,47,0 1220,10,1307,47,0 579,579,711,599,0 725,579,831,599,0 554,76,575,92,2 447,77,463,91,2 344,74,363,93,2 241,77,257,92,2 148,78,163,94,2
./data/1139/2.png 501,220,546,242,0 111,197,154,220,0
./data/1139/3.png 503,121,552,144,0 111,122,155,144,0
./data/1139/1.png 502,320,552,341,0 112,342,154,366,0
./data/1139/0.png 1097,50,1218,79,0 195,133,459,173,0
./data/1140/0.png 669,29,696,55,3
./data/1144/2.png 303,512,454,540,0
./data/1144/3.png 382,184,498,211,1 382,234,494,263,0
./data/1144/1.png 269,87,382,112,1 391,85,496,113,0
./data/1144/0.png 696,206,895,235,1 921,206,1119,235,1 846,277,968,307,1 949,287,959,296,2 996,278,1103,306,0 697,281,817,304,1 696,206,895,235,1 921,206,1119,235,1 846,277,968,307,1 949,287,959,296,2 996,278,1103,306,0 697,281,817,304,1 1197,65,1224,93,3
./data/1145/0.png 1178,38,1354,71,0 654,40,1166,70,1
./data/1146/0.png 930,121,1034,153,0
./data/1148/0.png 1153,96,1222,113,0 1234,95,1284,114,0 1153,96,1222,113,0 1234,95,1284,114,0 79,84,107,111,4
./data/1149/0.png 522,450,843,499,0
./data/1150/0.png 808,219,1142,247,1 808,259,1142,287,1 809,298,1143,328,1 809,337,1142,366,1 809,400,873,425,1 878,402,991,425,1 999,402,1070,424,1 1052,402,1066,421,2 975,402,991,422,2 855,404,870,423,2 876,521,1076,561,0 201,377,485,412,0 204,420,483,452,0 723,19,917,41,1 926,25,1051,46,1 1060,17,1128,53,0 808,219,1142,247,1 808,259,1142,287,1 809,298,1143,328,1 809,337,1142,366,1 809,400,873,425,1 878,402,991,425,1 999,402,1070,424,1 1052,402,1066,421,2 975,402,991,422,2 855,404,870,423,2 876,521,1076,561,0 201,377,485,412,0 204,420,483,452,0 723,19,917,41,1 926,25,1051,46,1 1060,17,1128,53,0 1138,17,1161,38,0
./data/1151/3.png 568,185,797,230,0 629,546,743,581,0 752,546,867,581,0
./data/1151/0.png 567,278,799,323,0
./data/1156/0.png 1171,11,1199,39,3 1064,78,1084,99,2 868,80,889,101,2 730,78,752,100,2 560,78,582,100,2 184,255,501,316,0 522,256,844,315,0 864,254,1179,315,0
./data/1157/0.png 712,6,744,36,0 747,6,779,37,0 783,5,814,36,0 819,5,847,37,0 853,6,883,37,0 889,5,919,36,0 974,4,1202,42,1 1174,11,1198,33,3
./data/1158/0.png 1236,10,1356,39,0
./data/1159/3.png 921,144,963,184,0 967,143,1008,185,0 1015,142,1053,183,0 1061,142,1102,185,0 1105,144,1144,184,0 1153,144,1190,182,0 921,187,963,229,0 968,187,1005,227,0 1014,191,1148,227,0 1058,379,1149,419,0 1057,540,1150,584,0
./data/1159/1.png 931,33,1052,74,0 1062,33,1183,76,0
./data/1160/3.png 492,133,872,177,0
./data/1162/0.png 576,38,716,70,0 721,38,791,71,0
./data/1163/2.png 378,146,549,195,0
./data/1163/3.png 789,77,1045,126,0
./data/1163/1.png 810,220,923,261,0
./data/1165/0.png 511,193,548,229,3 16,187,558,236,1
./data/1167/3.png 82,299,228,341,0 82,299,228,341,0 528,519,675,555,0
./data/1169/0.png 1284,15,1353,49,0 119,57,166,90,0 131,62,160,85,3 11,36,110,70,0 74,43,100,63,4
./data/1170/1.png 1643,222,1770,255,0
./data/1170/0.png 1549,218,1737,264,0 1734,17,1833,44,0 1882,16,1909,46,3
./data/1172/0.png 394,19,411,38,2 472,18,492,36,2 556,19,570,37,2 659,17,675,36,2 773,18,791,36,2 862,20,886,37,2 980,19,998,35,2 1212,16,1235,39,3 1179,21,1196,36,2
./data/1180/3.png 1142,148,1225,172,0
./data/1180/0.png 1232,14,1351,46,0 12,36,111,71,0 122,55,167,90,0 131,61,158,84,3
./data/1181/0.png 122,8,250,43,0 251,8,307,43,0
./data/1182/0.png 639,3,754,32,0 1175,14,1205,46,3 1146,19,1164,40,2
./data/1183/0.png 899,150,1019,243,0 1023,148,1143,245,0 1147,148,1266,245,0 899,150,1019,243,0 1023,148,1143,245,0 1147,148,1266,245,0 1091,13,1111,37,3
./data/1185/2.png 675,81,742,116,0
./data/1185/1.png 1094,25,1191,59,0 863,281,1059,334,0
./data/1185/0.png 978,4,1259,42,1 1259,4,1308,41,0 1274,14,1294,36,3
./data/1187/0.png 1886,272,1983,313,0
./data/1189/2.png 1078,27,1179,53,0 1187,26,1287,52,0 1188,58,1287,85,0 1080,59,1179,85,0 1080,1,1179,20,0 1188,2,1286,19,0
./data/1189/3.png 537,466,828,518,0
./data/1189/1.png 1078,561,1179,586,0 1190,559,1286,586,0
./data/1189/0.png 1138,19,1245,55,0 1255,19,1341,56,0 1010,19,1129,54,1 1099,23,1123,45,3
./data/1193/0.png 4,171,88,214,0 4,125,203,169,1 108,529,196,552,0
./data/1198/2.png 1027,394,1198,443,1 1213,394,1292,440,0
./data/1198/3.png 134,534,331,564,0 425,509,640,541,0 731,510,937,539,0 1027,533,1240,563,0
./data/1198/0.png 969,38,1309,78,1 1281,48,1302,73,3 800,44,955,69,1 936,48,952,67,2 298,485,936,542,1 947,484,1068,545,0
./data/1202/0.png 573,39,715,66,0 722,41,793,67,0 1306,186,1342,217,3 573,39,715,66,0 722,41,793,67,0 1306,186,1342,217,3 48,189,85,218,4
./data/1203/0.png 892,29,1013,61,0 1238,227,1276,260,3 892,29,1013,61,0 1238,227,1276,260,3 90,224,133,261,4
./data/1205/3.png 542,75,826,127,0
./data/1205/0.png 1180,37,1214,62,3 1274,30,1337,66,0
./data/1208/0.png 867,22,1115,58,1 1125,25,1207,60,0
./data/1210/0.png 363,274,947,325,1 946,274,999,327,0 947,289,978,318,3
./data/1211/0.png 588,111,709,145,0 1185,33,1353,67,0 414,18,936,50,1 429,23,448,46,3
./data/1213/2.png 486,576,528,598,0 895,576,934,597,0 78,576,120,596,0
./data/1213/0.png 109,262,487,310,1 113,350,301,401,1 301,352,487,401,1 111,445,488,491,1 462,457,480,478,2 387,514,489,562,0
./data/1214/0.png 367,262,882,307,1 881,261,971,308,0 243,263,367,306,0 338,282,354,296,2 367,262,882,307,1 881,261,971,308,0 243,263,367,306,0 338,282,354,296,2 1224,20,1237,35,2 530,21,546,36,2 404,22,421,36,2 316,20,337,37,2 222,20,240,35,2 367,262,882,307,1 881,261,971,308,0 243,263,367,306,0 338,282,354,296,2 367,262,882,307,1 881,261,971,308,0 243,263,367,306,0 338,282,354,296,2 1224,20,1237,35,2 530,21,546,36,2 404,22,421,36,2 316,20,337,37,2 222,20,240,35,2 1014,270,1032,291,3
./data/1215/2.png 636,350,749,368,0 1006,372,1122,389,0 264,372,350,388,0
./data/1215/3.png 266,285,351,301,0 636,283,724,303,0 1009,284,1095,303,0
./data/1215/1.png 1007,457,1122,476,0 635,459,672,478,0 264,458,302,478,0
./data/1217/1.png 138,49,326,88,0 184,60,204,78,3
./data/1217/0.png 493,519,506,538,3
./data/1219/3.png 42,248,275,295,0
./data/1219/0.png 123,191,318,237,0
./data/1220/2.png 130,131,169,151,0 324,131,363,152,0
./data/1221/0.png 893,217,1217,250,0 894,258,1215,291,0 892,301,1218,332,0 1180,48,1203,74,3 144,46,198,81,4
./data/1222/0.png 131,126,166,150,4
./data/1223/0.png 127,524,374,565,0 405,526,653,564,0 1211,58,1351,105,0 127,524,374,565,0 405,526,653,564,0 1211,58,1351,105,0 137,7,152,28,2
./data/1225/0.png 207,542,507,598,0
./data/1226/2.png 259,36,353,54,0
./data/1226/3.png 259,67,351,82,0
./data/1227/0.png 129,159,399,183,0 21,318,353,362,0 911,36,1147,62,1 1124,37,1145,60,3
./data/1230/0.png 736,22,762,49,3
./data/1231/2.png 571,0,795,44,0
./data/1231/3.png 15,180,239,228,0
./data/1232/0.png 485,135,969,173,1 967,136,1010,175,0 977,141,1003,171,3 1047,136,1208,168,0
./data/1234/0.png 14,17,50,47,4
./data/1235/0.png 1247,3,1330,57,0 1310,26,1324,45,2
./data/1236/2.png 863,88,971,115,0 411,83,977,121,1 419,92,437,111,3
./data/1236/1.png 963,211,1074,239,0
./data/1236/0.png 367,150,613,174,1 369,153,391,172,3 383,107,405,124,2 514,108,542,130,2 632,151,744,174,0 859,98,1163,144,0
./data/1237/2.png 1015,213,1284,249,0 1202,545,1300,582,0 1116,546,1193,581,0 257,425,406,450,0 66,348,164,374,0 166,351,231,375,0 142,348,165,374,2 205,350,231,377,2
./data/1237/3.png 1237,18,1285,43,0 1236,79,1284,107,0 1237,142,1284,170,0 257,319,418,346,0
./data/1237/1.png 256,238,385,267,0 62,175,242,201,0 63,352,244,379,0 68,387,187,410,1 186,387,236,408,0 807,239,973,267,1 816,243,838,260,3
./data/1237/0.png 657,121,729,145,0 1001,113,1201,145,1 1012,121,1031,139,3 256,391,341,409,0 258,448,340,464,0 1077,387,1090,401,2 1133,388,1148,403,2 1202,386,1216,401,2
./data/1238/0.png 191,209,600,247,1 566,213,594,240,3
./data/1242/0.png 617,276,1002,335,1 1028,277,1164,333,0 518,409,687,455,0 208,277,591,334,1 223,292,253,325,3
./data/1243/0.png 671,77,1193,120,1 1193,79,1283,122,0 679,88,698,113,3 1184,8,1249,35,0 83,10,186,34,0
./data/1245/0.png 425,303,628,331,0
./data/1246/2.png 758,377,1209,424,1 1208,378,1259,424,0
./data/1246/3.png 1186,114,1265,133,0 1185,382,1266,400,0 1185,529,1264,547,0
./data/1247/0.png 1200,165,1217,187,2 1091,168,1115,184,2 981,170,999,185,2 893,168,908,185,2 806,167,823,186,2 702,167,718,184,2 610,170,628,187,2 462,169,476,183,2 352,170,370,183,2 240,169,263,187,2 243,11,262,32,2 351,12,366,31,2 89,12,106,30,2 1181,14,1193,32,3
./data/1249/1.png 503,267,681,305,0 875,547,957,579,1 965,546,1182,582,1
./data/1249/0.png 481,13,785,35,1 809,17,826,34,3 803,16,828,37,0 1149,4,1191,23,0 433,328,473,348,0
./data/1251/0.png 516,551,664,595,0 702,550,853,595,0
./data/1252/0.png 634,6,811,59,0 826,5,995,59,0 1052,109,1304,138,1 1275,111,1298,135,3 1200,64,1226,88,0 1227,62,1252,89,0 1253,62,1278,89,0 1281,63,1303,89,0 434,110,499,147,0 598,303,640,321,0 1011,526,1155,558,0 1157,528,1302,558,0 64,526,140,556,0
./data/1257/0.png 1025,8,1224,42,1 1189,10,1222,41,3
./data/1258/2.png 1026,320,1163,366,0
./data/1258/3.png 606,98,757,130,0
./data/1258/0.png 974,162,1139,193,0 1251,343,1270,359,2 1182,339,1204,363,3 974,162,1139,193,0 1251,343,1270,359,2 1182,339,1204,363,3 102,329,143,371,0
./data/1263/0.png 1246,17,1260,36,2 1126,62,1138,76,2 1246,17,1260,36,2 1126,62,1138,76,2 897,433,978,454,0
./data/1264/2.png 103,511,193,537,0
./data/1264/1.png 293,122,322,153,0 349,123,380,151,0 410,121,440,152,0
./data/1264/0.png 324,111,845,150,1 844,111,895,150,0 860,115,883,145,3 1146,15,1266,46,0 1270,70,1279,80,2 898,67,913,81,2 1267,134,1282,147,2
./data/1267/0.png 575,21,610,47,3
./data/1268/0.png 827,286,919,328,0 442,283,922,333,1 529,26,617,64,0 604,223,763,250,0 443,222,599,252,0 447,253,606,282,0
./data/1270/2.png 933,382,1029,430,0 723,529,870,558,0 579,528,723,557,0 429,530,574,559,0 282,529,426,556,0 134,529,278,559,0 933,382,1029,430,0 723,529,870,558,0 579,528,723,557,0 429,530,574,559,0 282,529,426,556,0 134,529,278,559,0 363,481,408,506,0
./data/1270/0.png 1183,106,1206,124,3
./data/1271/0.png 967,29,1067,62,0 1007,37,1024,52,3 579,27,968,64,1
./data/1277/0.png 957,139,1206,172,1 962,148,979,165,3 831,150,851,166,2 906,151,927,164,2 1318,148,1338,165,2 693,151,708,165,2
./data/1281/0.png 1137,13,1160,32,3
./data/1283/0.png 619,415,968,453,1 649,427,658,439,2 262,414,611,456,1 272,422,294,443,3 975,414,1105,457,0
./data/1286/0.png 1232,16,1260,46,3
./data/1288/0.png 1285,19,1310,42,3 1248,22,1267,38,2
./data/1291/1.png 164,256,267,293,0
./data/1291/0.png 128,282,196,317,0
./data/1295/0.png 1804,69,2991,103,1 2961,72,2987,98,3 1982,201,2343,232,1 2342,200,2385,234,0 1681,87,1695,103,2 1599,87,1614,103,2 1515,90,1529,99,2 1434,88,1453,103,2
./data/1296/0.png 311,8,329,31,2 535,11,552,32,2 764,10,785,33,2 564,9,785,33,1 334,10,553,33,1 111,7,329,35,1 311,8,329,31,2 535,11,552,32,2 764,10,785,33,2 564,9,785,33,1 334,10,553,33,1 111,7,329,35,1 798,9,1019,33,1 1003,12,1018,29,2 1031,10,1251,35,1 1238,13,1249,29,2 1117,69,1248,96,1 1228,72,1244,94,2 313,64,1045,103,1 1002,68,1041,100,0 1009,72,1037,98,3
./data/1298/2.png 632,184,732,229,0 1023,184,1122,231,0 242,183,343,230,0
./data/1298/1.png 634,402,733,449,0 1024,403,1123,449,0 242,403,342,448,0
./data/1301/0.png 554,406,812,450,0
./data/1303/2.png 181,244,264,278,1 271,244,492,279,1
./data/1303/0.png 480,13,784,34,1 804,17,826,35,0 809,19,823,33,3
./data/1304/0.png 1046,32,1135,57,0 1171,14,1189,26,2
./data/1308/0.png 144,32,181,76,2 1187,29,1240,74,0 1197,37,1229,69,3 144,32,181,76,2 1187,29,1240,74,0 1197,37,1229,69,3 2,99,176,138,0 153,108,168,125,2
./data/1309/0.png 450,111,891,149,1 902,118,922,140,3 891,110,932,147,0 489,122,503,138,2 972,11,1134,51,0 1020,79,1034,91,2 1121,79,1135,92,2 1259,79,1273,95,2
./data/1313/2.png 868,219,1111,262,0 908,12,1130,64,0 868,219,1111,262,0 908,12,1130,64,0 881,328,960,347,0 968,326,1038,347,0 1044,328,1110,348,0
./data/1314/2.png 878,424,1120,461,1 1123,427,1155,459,3
./data/1314/1.png 879,192,1161,223,0 880,154,1160,186,1
./data/1317/0.png 1082,63,1157,104,0 1173,63,1259,105,0
./data/1318/3.png 1022,246,1099,271,0
./data/1318/1.png 1023,280,1313,306,1
./data/1318/0.png 1272,289,1301,315,3
./data/1321/2.png 373,17,586,47,0 452,52,692,83,0 936,67,1040,86,0
./data/1321/3.png 406,36,595,63,0
./data/1321/0.png 1283,16,1353,48,0 12,37,111,71,0 121,56,168,88,0 133,62,155,83,3 76,42,98,64,4
./data/1322/0.png 1060,13,1150,48,0
./data/1326/0.png 1105,53,1253,103,0 627,138,641,152,2 1190,120,1252,165,0 1016,122,1180,164,0 1207,127,1235,156,3 1105,53,1253,103,0 627,138,641,152,2 1190,120,1252,165,0 1016,122,1180,164,0 1207,127,1235,156,3
./data/1327/0.png 891,150,1013,182,0 982,44,1045,71,0 616,13,770,41,1 772,14,1044,40,1
./data/1330/2.png 995,548,1163,594,0 788,549,957,595,0 995,548,1163,594,0 788,549,957,595,0 698,243,735,281,0 697,344,738,381,0 696,442,736,485,0
./data/1334/0.png 1177,31,1232,62,0
./data/1335/0.png 1258,126,1328,144,0 8,29,85,62,4
./data/1336/3.png 932,466,1110,504,1 1084,476,1103,495,2 1155,466,1335,502,1 1310,475,1325,492,2 563,552,804,598,0
./data/1336/0.png 143,59,637,118,1 593,72,626,108,3 20,6,267,31,0 248,13,258,26,2 1125,94,1138,114,2 1281,95,1303,109,2
./data/1337/2.png 192,405,414,441,0
./data/1337/3.png 192,172,478,205,0
./data/1337/1.png 193,319,377,353,0
./data/1337/0.png 189,31,239,74,4 193,199,417,238,0 1063,54,1095,85,0 1102,55,1131,84,0 1137,54,1178,87,0
./data/1338/1.png 97,317,265,362,0
./data/1340/0.png 1030,284,1087,338,0 1043,296,1075,326,3
./data/1341/0.png 362,464,851,508,1 862,464,1004,510,0 729,13,831,44,0
./data/1345/1.png 974,438,1174,488,0
./data/1348/0.png 1088,13,1197,50,0
./data/1350/0.png 927,53,1084,82,0 99,54,349,82,1 109,61,124,75,3 378,305,467,338,0
./data/1353/0.png 549,8,648,38,0 657,9,821,39,0 792,12,810,30,2 1229,7,1260,38,0 1232,15,1251,35,3 306,8,486,38,1 486,8,528,37,0
./data/1354/0.png 1080,2,1149,24,0 1156,3,1262,23,0 1269,4,1321,23,0 1307,5,1318,18,2 679,3,694,16,2 1080,2,1149,24,0 1156,3,1262,23,0 1269,4,1321,23,0 1307,5,1318,18,2 679,3,694,16,2 657,465,833,505,0
./data/1357/0.png 422,396,942,434,1 422,446,943,484,1 423,496,942,545,0
./data/1360/2.png 787,512,919,565,0
./data/1360/3.png 739,279,938,331,0 148,1,283,42,0
./data/1360/0.png 971,47,1117,81,0
./data/1362/0.png 1169,75,1353,127,0 1169,75,1353,127,0 1043,91,1061,112,2
./data/1365/1.png 203,145,468,179,1 492,144,756,180,1 938,143,1162,178,0 775,143,916,178,1 900,145,917,177,2
./data/1366/0.png 94,166,318,201,1 101,173,118,193,3
./data/1367/0.png 1137,32,1268,69,0
./data/1369/0.png 1201,19,1315,58,0
./data/1374/2.png 425,357,523,386,0
./data/1374/3.png 426,170,473,199,0
./data/1374/1.png 860,133,982,183,0 426,544,583,575,0 426,131,521,160,0 859,11,1176,36,1 1160,16,1173,30,2 860,133,982,183,0 426,544,583,575,0 426,131,521,160,0 859,11,1176,36,1 1160,16,1173,30,2 861,76,1133,125,1
./data/1374/0.png 877,205,1025,236,0 427,319,670,348,0 877,205,1025,236,0 427,319,670,348,0 1222,46,1247,73,3
./data/1375/0.png 327,213,471,246,0 16,19,46,45,4 774,25,797,43,2 808,88,829,109,2 98,159,113,176,2
./data/1378/0.png 40,555,212,597,0 1048,15,1072,37,3
./data/1386/2.png 603,308,762,357,0
./data/1386/0.png 1177,38,1298,60,0 1180,42,1199,56,3
./data/1388/0.png 826,5,1092,38,1 1063,12,1085,33,3 1136,20,1149,32,2 1057,54,1230,78,1 1098,57,1111,73,2
./data/1389/2.png 92,52,250,92,0 91,410,249,454,0
./data/1389/3.png 92,172,249,212,0 93,532,249,572,0
./data/1389/1.png 91,291,251,332,0
./data/1389/0.png 52,227,1314,270,0
./data/1390/1.png 234,231,423,291,0
./data/1391/0.png 1212,67,1252,100,0 1224,72,1241,92,3 1037,67,1212,101,1 1011,75,1027,93,2 832,78,852,91,2 747,79,767,91,2 656,78,670,91,2
./data/1392/3.png 281,182,523,227,0
./data/1392/0.png 1028,55,1178,102,1 1141,67,1169,95,3 992,0,1182,35,0 550,524,812,568,0
./data/1394/1.png 562,61,805,97,0
./data/1394/0.png 1256,40,1332,59,0
./data/1396/0.png 132,125,165,149,4
./data/1397/0.png 1224,15,1346,43,0 9,16,46,43,4
./data/1400/1.png 1078,182,1314,221,0
./data/1400/0.png 308,48,1105,90,1 1065,56,1092,84,3
./data/1403/1.png 114,301,394,351,0
./data/1403/0.png 581,385,786,436,0
./data/1406/2.png 416,142,598,176,0 765,141,949,175,0 591,508,775,539,0
./data/1407/1.png 680,87,1102,132,0 1122,85,1549,133,0
./data/1407/0.png 1335,61,1436,89,0 1858,130,1888,158,3
./data/1409/2.png 732,161,901,206,0
./data/1409/0.png 900,239,994,262,0 1150,85,1322,125,1 1290,94,1319,124,3 562,26,723,68,0
./data/1411/3.png 564,445,802,485,0
./data/1411/1.png 714,36,952,77,0
./data/1411/0.png 885,3,1022,34,0 1037,153,1163,179,1 1145,156,1160,173,3
./data/1412/0.png 590,473,777,529,0 419,415,946,473,1
./data/1415/3.png 582,129,783,173,0
./data/1415/1.png 909,318,1113,358,0 468,482,670,524,0 50,483,251,524,0
./data/1415/0.png 1297,89,1339,126,3
./data/1416/2.png 819,52,1032,91,0 339,76,506,116,0 339,291,583,332,0 820,290,973,332,0 818,483,985,525,0 340,506,641,547,0
./data/1416/1.png 879,218,1039,263,0 558,217,720,263,0 240,220,398,265,0
./data/1416/0.png 636,38,869,79,1 836,45,858,72,3
./data/1419/2.png 223,208,367,251,0
./data/1419/1.png 356,49,629,98,0
./data/1420/0.png 818,14,1088,35,1 1074,18,1083,28,2 1097,64,1154,87,0 818,14,1088,35,1 1074,18,1083,28,2 1097,64,1154,87,0 1084,433,1155,465,0
./data/1421/0.png 88,68,230,97,1 248,70,274,95,3
./data/1424/0.png 53,83,391,112,1 391,81,425,114,3 405,87,422,108,3
./data/1426/0.png 476,109,500,134,3 612,269,754,307,0 476,109,500,134,3 612,269,754,307,0 141,169,185,211,0
./data/1427/0.png 1233,15,1354,49,0 12,37,108,71,0 119,59,167,89,0 131,62,156,84,3 72,42,100,64,4
./data/1429/3.png 701,165,923,210,0
./data/1429/1.png 691,426,877,456,0 894,426,1079,457,0 488,426,674,458,0 287,426,474,457,0
./data/1429/0.png 1224,20,1325,49,0
./data/1430/0.png 1308,15,1332,42,3
./data/1437/2.png 603,474,762,521,0
./data/1437/1.png 569,0,798,34,0
./data/1437/0.png 689,17,893,49,1 692,22,711,42,3
./data/1443/3.png 543,346,821,382,0
./data/1445/0.png 775,24,801,45,2 15,18,49,46,4 94,136,112,157,2 327,193,470,226,0
./data/1446/0.png 79,2,109,24,4
./data/1450/3.png 953,268,1251,305,0 953,309,1253,343,0 952,347,1252,381,0 952,386,1252,422,0 952,424,1252,460,0 953,464,1254,500,0 952,502,1253,537,0
./data/1450/0.png 1063,109,1213,139,1 1217,108,1251,139,0 1227,113,1244,132,3 1063,109,1213,139,1 1217,108,1251,139,0 1227,113,1244,132,3 107,114,150,140,4
./data/1452/3.png 1073,472,1177,504,0
./data/1452/0.png 1159,54,1271,82,0 694,126,707,141,2 800,125,814,138,2 923,125,937,140,2 1047,125,1060,138,2 513,126,529,139,2 341,126,359,138,2 255,11,269,25,2 116,10,133,23,2
./data/1456/0.png 1192,198,1256,232,0
./data/1458/1.png 143,75,1221,132,0 861,3,1221,48,0 501,6,863,49,0 144,4,503,48,0
./data/1458/0.png 874,29,896,50,2 778,31,800,47,2 669,31,687,50,2 577,30,599,50,2 451,28,471,47,2 345,30,363,47,2 1185,504,1219,533,2
./data/1461/0.png 1266,7,1296,34,3
./data/1462/0.png 988,175,1164,199,1 1140,176,1165,198,3 225,219,296,248,0
./data/1463/3.png 206,357,315,395,0 331,355,1160,395,1 1138,370,1151,385,2 1118,394,1160,435,0
./data/1464/1.png 277,518,415,563,0 558,545,750,591,0 895,517,1030,563,0
./data/1468/0.png 1286,44,1315,71,3
./data/1469/0.png 963,34,1083,77,0 1089,33,1282,75,0 947,97,1147,140,0
./data/1473/2.png 1494,421,1642,453,0
./data/1473/0.png 31,78,102,109,0 1384,395,1512,427,0 1684,401,1698,422,2 976,402,996,421,2 698,405,719,419,2
./data/1475/0.png 709,9,1049,38,1 1050,9,1118,39,0 719,17,739,34,3
./data/1476/2.png 684,418,846,459,0
./data/1476/3.png 68,366,230,407,0
./data/1476/1.png 66,506,232,549,0
./data/1476/0.png 1234,45,1258,75,3
./data/1483/0.png 1237,18,1259,41,3
./data/1486/1.png 483,228,597,270,0 614,228,748,270,0 769,226,882,270,0
./data/1487/0.png 653,48,760,79,0 47,560,202,599,0 653,48,760,79,0 47,560,202,599,0 46,50,71,78,3
./data/1489/0.png 961,60,1100,103,0 876,412,973,469,0 382,404,983,476,1 403,430,424,452,3
./data/1494/0.png 1011,313,1105,337,0 627,511,717,528,0 439,512,570,533,0 556,517,569,527,2 1227,59,1316,95,0
./data/1496/2.png 238,272,404,307,0 613,269,736,308,0 983,271,1131,307,0
./data/1496/3.png 239,62,364,98,0 613,85,777,117,0 983,60,1104,96,0 983,492,1153,530,0 612,493,740,530,0 239,493,370,529,0
./data/1496/1.png 240,51,405,85,0 611,49,823,85,0 984,49,1212,86,0 984,439,1189,474,0 613,460,764,497,0 240,461,379,497,0
./data/1497/0.png 88,290,110,314,3 88,290,110,314,3
./data/1502/1.png 304,317,408,350,0 467,320,572,350,0 629,317,734,350,0 796,316,897,350,0 955,316,1064,349,0 629,524,735,555,0 214,1,312,30,0
./data/1502/0.png 818,1,934,23,0 967,4,1045,23,0 970,67,1105,95,1 1082,72,1101,94,3 687,387,787,421,0
./data/1503/0.png 21,142,275,202,0
./data/1508/0.png 1203,174,1252,209,0 1100,178,1203,209,1 1109,4,1179,29,0 1189,7,1252,28,0
./data/1509/2.png 403,6,583,54,0
./data/1509/3.png 615,391,750,436,0
./data/1509/1.png 402,387,581,436,0
./data/1509/0.png 613,1,734,45,0
./data/1514/3.png 177,387,413,455,0
./data/1514/1.png 852,162,979,189,0 949,25,1222,76,0 681,22,941,75,0 415,26,670,73,0 143,31,404,74,0
./data/1514/0.png 1197,12,1219,35,3 395,19,408,34,2 500,20,512,35,2
./data/1515/1.png 963,84,1058,117,0
./data/1515/0.png 908,37,1093,79,0 1107,33,1171,82,0 226,493,377,531,0 663,390,729,407,0 734,390,795,406,0 578,420,660,439,0
./data/1516/2.png 394,260,503,291,0 666,260,759,292,0 120,261,223,291,0 122,555,305,586,0
./data/1516/3.png 957,154,1275,245,0 954,250,1275,339,0 955,345,1278,433,0 956,441,1274,530,0
./data/1517/0.png 1030,211,1085,242,0 619,420,751,455,0 1162,79,1252,119,0 913,90,934,110,3 339,78,946,121,1 516,138,531,155,2 400,140,416,154,2 264,137,282,151,2
./data/1518/0.png 826,182,930,229,0 435,181,825,229,1
./data/1519/0.png 565,247,675,280,0 680,249,806,282,0
./data/1525/0.png 121,357,335,409,0 1093,6,1246,36,0 986,13,1000,28,2
./data/1527/0.png 658,79,810,117,0 428,16,465,33,0 15,13,42,36,4 145,438,387,482,0 554,439,795,483,0 1022,504,1169,543,0
./data/1531/3.png 528,512,836,566,0 528,446,837,497,1
./data/1534/1.png 1214,20,1301,59,0 1044,21,1206,58,1 1061,92,1285,127,0 1175,422,1302,457,0
./data/1534/0.png 867,14,1127,51,1 1100,20,1122,46,3 1136,12,1214,50,0 1217,11,1306,50,0
./data/1536/0.png 857,112,1334,151,1 1295,116,1326,145,3
./data/1537/2.png 375,16,410,51,0 422,20,452,48,0 374,129,411,166,0 423,131,457,166,0 374,286,411,323,0 420,292,456,326,0 375,425,412,461,0 421,427,454,461,0 378,564,409,597,0 421,563,457,598,0
./data/1537/3.png 376,100,410,135,0 421,99,456,133,0 374,238,411,272,0 419,238,457,271,0 376,373,411,408,0 419,376,455,409,0 376,511,409,544,0 423,512,456,546,0
./data/1537/1.png 375,67,412,102,0 418,69,457,102,0 374,202,410,238,0 423,205,455,240,0 376,340,409,378,0 421,342,457,378,0 375,479,412,512,0 419,480,458,515,0
./data/1537/0.png 1198,21,1229,46,3
./data/1538/0.png 705,19,735,53,3
./data/1540/0.png 1094,41,1287,86,0 1251,62,1265,79,2
./data/1541/1.png 292,247,371,280,0 548,247,627,281,0 803,246,886,281,0 1060,245,1141,282,0
./data/1541/0.png 1295,79,1318,102,3
./data/1542/2.png 760,270,878,306,0 904,272,1023,308,0
./data/1542/1.png 557,0,811,42,0 253,358,370,391,0 394,356,511,392,0 535,356,655,391,0
./data/1542/0.png 445,12,920,50,1 885,20,912,46,3
./data/1545/2.png 857,403,940,424,0 1026,497,1206,529,0 73,453,272,484,0
./data/1545/1.png 1027,480,1238,510,0 73,155,207,186,0
./data/1545/0.png 249,155,716,185,1 691,161,712,181,3 71,469,252,503,0 1147,144,1327,194,0
./data/1547/0.png 66,98,146,139,0
./data/1548/1.png 582,151,787,206,0
./data/1550/0.png 1231,17,1259,42,4 1230,17,1260,43,3
./data/1552/0.png 962,229,1118,264,0 133,126,165,153,4
./data/1553/0.png 1118,1,1252,52,0 599,311,771,363,0
./data/1554/3.png 710,49,832,100,0 851,547,998,596,0
./data/1554/0.png 114,102,300,155,0 1228,60,1250,82,3
./data/1555/3.png 506,160,861,218,0 881,160,1235,218,0
./data/1555/1.png 773,162,917,213,0 937,161,1080,212,0
./data/1557/1.png 1170,267,1268,306,0
./data/1557/0.png 599,10,856,42,1 221,10,595,41,1 232,17,248,33,3 1157,8,1267,41,0
./data/1558/0.png 1627,74,1915,114,1 1877,83,1909,108,3
./data/1559/1.png 930,295,1079,343,0
./data/1561/3.png 582,31,822,90,1 840,30,926,92,0
./data/1562/2.png 952,336,1253,385,0 954,389,1254,435,0 952,440,1253,485,0 953,491,1253,535,0 954,541,1254,588,0
./data/1562/0.png 1066,110,1213,140,1 1217,110,1251,139,0 1226,114,1244,129,3 110,113,147,140,4
./data/1564/0.png 131,127,164,151,4
./data/1565/1.png 710,512,795,545,0 325,532,446,566,0
./data/1566/0.png 1312,14,1347,45,4
./data/1568/0.png 1101,195,1231,242,0 1066,211,1083,228,2
./data/1574/2.png 589,350,779,400,0
./data/1574/0.png 1142,26,1321,75,0
./data/1575/2.png 225,47,384,85,0
./data/1575/3.png 222,42,407,83,0
./data/1576/0.png 1229,10,1247,33,3
./data/1577/0.png 1060,14,1194,48,0 1334,16,1360,44,3 1312,16,1323,36,2 295,21,310,37,2 896,466,918,482,2 203,458,375,491,1 352,468,362,478,2
./data/1581/3.png 1021,196,1074,217,0 1093,198,1154,220,0
./data/1581/0.png 1085,7,1200,45,0
./data/1582/0.png 1282,9,1356,40,0 1021,11,1270,41,1 758,12,1009,42,1
./data/1584/2.png 889,137,1254,173,0
./data/1584/1.png 894,54,1251,88,0 889,419,1253,455,0
./data/1584/0.png 891,158,1254,194,0 1114,200,1244,230,0 992,201,1109,229,0 903,201,987,229,0 930,236,984,262,0 991,235,1062,261,0 1071,235,1213,262,0 1120,268,1178,296,0 971,267,1114,294,0 891,158,1254,194,0 1114,200,1244,230,0 992,201,1109,229,0 903,201,987,229,0 930,236,984,262,0 991,235,1062,261,0 1071,235,1213,262,0 1120,268,1178,296,0 971,267,1114,294,0 830,60,842,72,2 725,60,738,75,2 617,59,628,70,2 496,58,520,78,2
./data/1588/1.png 1007,57,1039,91,0 1047,58,1076,91,0 1085,57,1114,92,0 1120,55,1151,90,0 1158,58,1189,92,0
./data/1588/0.png 948,134,1116,167,0
./data/1593/0.png 334,203,415,223,0 419,203,480,223,0 802,203,1030,225,1 810,204,826,222,3
./data/1594/0.png 474,61,892,102,1 473,101,891,145,1 473,156,894,197,0 596,237,768,272,0
./data/1596/1.png 576,19,807,52,0 244,28,517,61,1 496,35,510,50,2 246,120,416,158,0
./data/1596/0.png 592,9,754,40,1 599,18,615,35,3 270,12,365,41,0 575,544,807,575,0 639,500,716,528,0 737,501,809,529,0 575,583,808,598,0 1259,17,1278,33,2 592,9,754,40,1 599,18,615,35,3 270,12,365,41,0 575,544,807,575,0 639,500,716,528,0 737,501,809,529,0 575,583,808,598,0 1259,17,1278,33,2 246,480,512,514,1 243,529,516,565,1 245,578,516,599,1 496,490,512,501,2 498,538,510,554,2 502,590,510,597,2
./data/1598/2.png 481,413,675,466,0
./data/1598/0.png 1113,8,1296,65,0 1325,26,1348,49,3 1033,241,1292,284,1 1034,296,1289,338,1 1032,351,1294,395,0
./data/1599/3.png 582,562,783,599,0
./data/1599/0.png 960,8,1111,44,0 1204,13,1224,40,3 960,8,1111,44,0 1204,13,1224,40,3 490,33,505,46,2
./data/1601/2.png 114,3,249,29,0 114,368,249,404,0
./data/1601/3.png 115,540,248,578,0
./data/1601/1.png 113,174,251,211,0
./data/1601/0.png 23,169,48,195,3
./data/1602/2.png 918,451,1291,503,0 495,518,870,571,0 73,452,448,499,0
./data/1602/3.png 577,19,790,69,0 859,558,1054,595,0 292,472,384,513,0 192,475,283,515,0 195,548,354,584,0
./data/1602/1.png 58,548,462,599,0 477,550,885,598,0 900,548,1307,599,0
./data/1602/0.png 1022,14,1125,55,0 1193,89,1222,105,2 1070,88,1088,102,2 909,88,926,105,2 714,87,740,102,2 568,87,587,102,2 416,90,440,109,2
./data/1605/3.png 539,341,825,389,0 1180,512,1346,558,0
./data/1605/0.png 1234,13,1271,40,4 1078,6,1121,43,3
./data/1607/0.png 613,453,750,494,0
./data/1611/2.png 794,485,1144,532,0
./data/1611/3.png 1075,318,1239,366,0 602,245,1238,281,1
./data/1611/0.png 239,346,675,389,1 679,349,900,388,1 912,345,1130,390,0 1026,73,1043,87,2 1149,76,1158,91,2 983,39,996,54,2 1171,72,1230,93,0
./data/1612/1.png 19,57,198,106,0 222,56,491,107,0
./data/1617/2.png 923,64,1057,89,0 1060,63,1109,89,0 141,18,246,43,0 254,20,297,43,0 302,22,409,43,0 473,149,579,173,0 348,151,463,173,0 312,151,346,174,0 233,151,306,171,0 144,150,226,174,0 143,278,217,303,0 224,278,251,303,0 261,280,319,304,0 327,405,409,433,0 256,407,321,432,0 173,407,249,432,0 139,408,169,429,0 142,538,311,563,0
./data/1617/1.png 165,257,266,291,0 155,293,197,319,0 198,294,275,317,0 277,297,339,317,0 343,297,394,317,0 397,297,469,319,0 470,295,513,319,0 517,294,652,317,0 658,295,706,319,0 708,295,841,319,0 155,324,248,345,0 171,350,232,385,0 235,347,333,385,0 338,345,378,385,0 384,348,436,384,0 440,349,500,384,0 141,488,199,516,0 206,492,250,513,0 258,493,314,515,0 165,257,266,291,0 155,293,197,319,0 198,294,275,317,0 277,297,339,317,0 343,297,394,317,0 397,297,469,319,0 470,295,513,319,0 517,294,652,317,0 658,295,706,319,0 708,295,841,319,0 155,324,248,345,0 171,350,232,385,0 235,347,333,385,0 338,345,378,385,0 384,348,436,384,0 440,349,500,384,0 141,488,199,516,0 206,492,250,513,0 258,493,314,515,0 923,563,959,586,0 961,563,1096,587,0
./data/1617/0.png 128,284,197,318,0
./data/1619/1.png 390,472,608,517,0
